1.541757456419189154e+00
1.476933973837878944e-01
2.756870521147337105e-01
3.396097408384356475e-01
1.988687625248801938e+00
9.550714972771222333e-02
5.739334827018052199e-01
1.765777724732920939e-01
1.231554774991066248e+00
9.218620422588404972e-01
4.626018844637566629e-01
5.120630342446044203e+00
4.009526284834901144e-01
4.211517886166186164e-01
1.109510148502874244e-01
5.941189866304809053e-01
4.751890717611790826e-01
1.574917895151211944e+00
1.529191244721380682e+00
1.299161609534030815e-01
5.547232177440900580e-01
5.639396617144417645e-01
2.804640104991099614e-01
5.539798947446133326e+00
1.000465299089665222e-01
1.205704872821585560e+00
4.159989303557194984e-01
6.134051712577535120e-01
6.076219167506067276e-01
1.444939352094314344e+00
2.615518720008929154e-01
1.205148676223854354e+00
7.166408843197898948e-01
1.273717817589986867e-01
8.122524062181222249e-01
1.997172213167272559e-01
1.357960729718019066e-01
3.082113253208495496e-01
1.408877223057536376e+00
3.000492564321868283e-01
1.465853575261866881e+00
1.642326423168614102e-01
1.385036633087282532e+00
7.053060228727552339e-01
1.854131898633060438e-01
8.249875468503283793e-01
1.664516524697177369e+00
2.170647874590095339e-01
3.522724596603731273e-01
3.637440653731602858e-01
1.993078655303119895e+00
1.705616984902806665e+00
1.188149497570708979e+00
6.515595968968515006e-01
8.465169691724193646e-01
2.091011217486543394e+00
7.442896880360863610e-02
4.768824741208042839e-02
4.659612958970154040e-01
1.567594052902895996e+00
4.140051709911300448e-01
2.014416281733974134e+00
8.717240544565839633e-01
1.387949713520976180e-01
2.594618692857872500e+00
1.125823611859055218e+00
2.962302456837027531e+00
9.079870803923348332e-02
3.308588589855828710e-01
3.276997454122299591e-01
1.069720523290763614e+00
2.613274758996536051e-01
1.161235787397502994e+00
2.647365899726594307e+00
9.828281546047447359e-02
3.178152502760059894e-01
2.590512699675161290e+00
9.006581954629176989e-01
2.634929311738224422e-01
4.265717649731491645e-02
3.710914042417787773e+00
3.356596519991642547e-01
1.649739066017907874e+00
2.058198756531697260e+00
2.086135674018263941e+00
1.566079323818286850e+00
4.005459709408490943e-01
4.166498290846488928e+00
2.850400391597349259e+00
6.428545321512267874e-01
1.279655186893467578e+00
2.367301403391732784e+00
1.004714158366979415e+00
1.451470535131834882e+00
3.979287927790166601e-01
5.253776960620779035e-02
9.196796201674760640e-01
5.822198264953992730e-02
2.221126529548520245e-01
2.427009431634740422e-01
7.369179509557896579e-02
1.126053470494042585e+00
6.053773798962505115e-01
7.295869997606587720e-01
4.383647110256871926e-02
6.959394161528784650e-01
1.685043475255897649e-01
1.020193671887440701e+00
2.842656339100026130e+00
7.077445862736233551e-01
1.181368167227495380e+00
1.300593288650892521e-01
2.754668249489402587e+00
1.028093883234470762e-01
2.043744731108055879e-01
9.826394349459612876e-01
9.691733457070133007e-01
2.649756874685089247e+00
7.635269244642942099e-02
1.576861160667616391e+00
9.947438360598296336e-01
1.580150339787233404e+00
3.440174776819118208e+00
6.344241656362091530e-02
1.098421969685822036e-01
1.350817245522216714e+00
5.648289826654794288e-01
9.736492275017591957e-01
1.266634668802560260e+00
2.694535826121293165e-01
4.412329473348663100e+00
6.235094290612706036e-01
2.238452710925180167e+00
4.054367541835829369e-01
1.312483849100446243e+00
2.181677480670763725e+00
1.835806614701612993e+00
3.689877366161821381e+00
7.404459057737717842e-01
1.039154646216210232e+00
1.239955431559128574e+00
3.685630868132709903e-01
1.446085617883110075e+00
1.481318354082162836e-01
4.037884154190432562e-01
3.807166281721052203e-01
3.876455061145984149e-01
4.373866526285632439e+00
1.595705390684224012e+00
6.605373470917871304e-01
8.759425110809534454e-01
1.855542042386483681e+00
2.633015435295966641e-02
1.433550090854514569e-01
9.094414169791296132e-01
5.685652202087746465e-01
3.156368377592419505e-01
1.789653047887587833e+00
1.727993989325739443e+00
1.657342867345291904e+00
1.075912203398839306e+00
9.107325332610446411e-01
4.961063183547419903e-02
2.278382083572807026e+00
4.780807246613423822e-01
9.098336042008248192e-01
3.942378058208740654e+00
5.919476217814420016e-01
4.557237686345799732e-01
1.602644700274947764e+00
7.062321888729955477e-01
1.791584392080468380e+00
1.280524872377463153e+00
2.367744935888037028e-01
3.171115587171993599e+00
7.024268145013875531e-01
8.170001486237278565e-02
1.102508803996459008e+01
1.588998280473587377e+00
2.077002637828543330e-01
2.539710818733522224e+00
9.580356315525725419e-01
2.528136122789078621e-01
8.267107268429253475e-01
8.792916995456330209e-01
4.312321335099948416e-01
9.611653349530792090e-01
1.468878152848188123e-01
9.184181768283089520e-01
1.485243930771751319e+00
1.228690878853009094e+00
1.388628743716477931e+00
3.075252640964594719e-01
2.094163692555282841e-01
6.112290851989999885e-01
1.355887181361779270e-01
1.498087738823100090e-01
4.725634420936080105e-01
2.306748173258694301e+00
1.574444177288835123e-01
1.739590554253330479e-01
8.931669756563388740e-02
1.906290130547402817e-01
3.541699727027132205e-01
3.879777913358579688e-01
1.806588548052355137e+00
1.164344510883922990e+00
1.918465870962448860e-01
6.527523141487677760e-01
3.521132102558514609e-01
1.463750420483832526e+00
4.087794510035071549e-01
5.274591213552247693e-01
3.392136365589230040e-01
1.834404238102570195e-01
2.515052054005642024e+00
7.997892230882220899e-01
9.141910143778922970e-01
4.258035997758643498e-01
9.986584820958961384e-01
1.708236726139620965e+00
1.404131533989552150e-01
1.514635635843510908e-01
4.650921578032213843e-01
1.040146452464849186e-01
1.856384689968340274e+00
3.262415008604099498e+00
1.533908937071522260e-01
2.446182435526730536e+00
1.202448390584051285e+00
7.142753927658838098e-01
1.428518547932009497e-01
9.065383177964593253e-01
8.424437929763407551e-01
4.315700835455371642e-01
4.324043233655891605e+00
2.548888499969493293e-01
7.674637035163213161e-01
1.548795302444007982e+00
1.868742110558212044e+00
1.928229119110334233e+00
8.973755906447155040e-01
2.789777775635300938e-01
1.521400192308912103e-01
8.303628995216401076e-01
2.186186396825080092e+00
6.612662239683193555e-01
1.163200113026446436e+00
3.015859944900853851e-01
1.490874414824502558e+00
3.104502261155251963e-01
4.356888071640734883e-01
8.435567894240506570e-01
4.462831084831294648e-01
2.680389825349650534e-01
1.189663653237452934e+00
1.301921456599745897e+00
1.871984561369277600e+00
4.447750751270798664e-01
1.115845100581936977e+00
8.554620642419333842e-01
4.723145396843907440e-01
6.870491607495592401e-01
1.898655876205570969e+00
9.485202799117190553e-01
3.580235537751693009e+00
1.530777897770182028e+00
2.331153418785603393e-01
1.143753555764492225e+00
2.271048690215808907e+00
4.984853048091077099e+00
3.280518467254508685e+00
6.850314936119109577e-01
1.265411561536879725e+00
6.841225937936904478e-01
2.123934597040967098e+00
7.448027679028959014e-01
4.370364083233018726e-01
7.069924483520519942e-01
9.056544720019161776e-01
2.618531477404946808e-02
1.893767522834723493e+00
1.214836541840100814e-01
3.761537823241455358e-01
3.012527809438965698e-01
1.283152467086944859e-01
3.750593344508296734e-01
8.320347080070643608e-01
8.775750185348778487e-01
2.933362113757977396e-01
5.541449632936032987e-01
3.433228943196715566e-01
1.018254320070523633e+00
1.648327481681831908e-01
2.711200923740942140e-02
2.488905992568985481e-01
9.375328790583578598e-02
3.127680251273609713e+00
4.931422590099968084e-01
1.761780865692478493e+00
1.264703293850330812e-01
7.097815789462971203e-01
6.245493642868018558e-01
9.189377528807659568e-01
6.964451536581900415e-01
5.770962772144263564e-01
4.364037285845550618e-01
1.462196670805995247e+00
3.410655747405765270e-01
9.802704332040887980e-01
2.875144543949660902e-01
4.636106820515630833e-01
3.378517278563313020e-02
5.573166264740009312e-01
1.319212829157680567e+00
1.220989751444009203e-02
2.522475746036727973e+00
4.668417227000274949e-01
6.678828255196803676e-01
4.779684118859153091e-02
1.069018592584384114e-01
5.714628782602920731e-01
5.796991461295369907e-01
1.025503212057821356e+00
5.021423510963908265e-01
2.369691254976234174e-01
9.279991429030025607e-01
4.083049980710123372e-01
7.961871694073825445e-01
5.311274400025700615e-01
1.074217720832236544e+00
6.444055907845027686e-01
1.881524404517831650e+00
4.754352477122841814e-01
2.827534684170614376e+00
1.070331586183028483e+00
2.154899901638313853e-01
5.196352017332057649e+00
1.537784868641527414e+00
1.513125998719732745e+00
5.799222097999148229e-01
3.650906823585696070e+00
3.180224452429888160e+00
1.783903656662230386e+00
1.439241763771720306e-01
6.225578730931975446e-01
6.853550372550770708e-02
6.011537021295150218e-01
2.559121829899240197e+00
4.377902987921800104e-02
2.397124111598581742e+00
1.743487554629209679e+00
6.882291983595079099e-01
1.413873668501421266e+00
7.057019483176967256e-01
5.240252446172739553e-01
5.700480640308913660e-01
1.293376625141505476e-01
4.427948271016124870e+00
5.051557499955605657e-01
3.941958673551175796e-01
3.653716963738799173e+00
4.595600968685331078e-01
3.110917383888096022e-01
8.173641633039669951e-01
1.628102975038139277e-01
6.331123395349005367e-01
3.340065947313538786e+00
4.193909485696216244e+00
1.076350582815153167e+00
5.108065163783863660e-01
9.225881746467714528e-01
1.170385819503891034e-01
2.992154763006674156e-01
3.056329750533740786e+00
3.922217135922367315e-01
5.436867239833544918e-01
3.874005129282047655e-01
3.834288279960795243e-01
7.781890734401050169e-01
2.125852098410859092e+00
5.505964150904949506e-01
1.017536288447577153e+00
2.766310363889724844e+00
1.051067254954653807e+00
4.522520558961439785e-01
1.776698325539416867e+00
1.849260977408133111e-01
2.838545287750473545e-01
3.287102926216883825e-01
1.692201349095236562e+00
2.450008728120386670e-01
4.086211759585703374e-01
1.639314486669068094e+00
1.555279206414427406e+00
2.716602511265168385e+00
1.096138880864755638e+00
6.287307331956569767e-01
5.900367220725458162e-02
2.874742430568189011e+00
3.427037515256263767e-01
7.878775266326260018e-01
7.375198170733099357e-01
5.847603023197377681e+00
2.788796770695474159e-01
1.367996984862831222e-01
5.565533949488636889e-01
2.040728056182022077e-01
9.876915461923316819e-01
1.700568911969490671e+00
1.982103846051020080e+00
4.143988823381158232e-02
2.305567270663144708e+00
2.948238958194607240e-01
1.350621890124956703e+00
4.288914391000416826e-01
2.560715511414280776e+00
4.171986035969263429e-01
7.197570605767739105e-01
3.738607529421809073e-01
2.794690619598999559e-01
3.327148277139168053e-01
7.774141942301111552e-01
1.074677067292420185e+00
3.544101854633478488e-01
9.371238720358392171e-02
2.173951459525282071e-01
8.775860584251909957e-01
8.236353397633434659e-01
3.493970307841153256e-01
4.301335135673977073e-01
1.261005563705293930e+00
1.409329928891780159e-01
3.481375121123512772e-01
7.392969106160036941e-02
2.780658652985534829e+00
1.289009087710160317e+00
2.429746965607270770e+00
9.951741203405505276e-01
3.878732547665277863e-01
1.512491414248262611e-01
3.184514850356728322e-01
2.777850131780893461e-01
8.719379297061374823e-01
3.230252847772500657e-01
4.882569681605619660e-01
6.178306294474108368e-02
1.401734200030885225e+00
7.143392686284275594e-01
1.711683368703009522e+00
2.486583973745817300e+00
7.854947032460178891e-01
2.227831904028249266e+00
1.505357551395611893e+00
9.774649876743943810e-01
2.620954368147828117e-01
1.660702713163538791e-01
2.917285261219272341e-01
2.952870730438495461e-01
6.425851191477185420e-01
1.959031456124880333e-01
2.497208299113965468e-01
4.285782103791206388e-01
5.214976730848456254e-01
2.216128223630670635e-01
2.241236363459582659e+00
1.093847378781606983e+00
1.283376920416033351e-01
7.710869270424496325e-01
9.121546220957961193e-01
1.423063714254759471e-01
7.368736627149707896e-02
4.709906492906483499e-02
2.085170604968455077e+00
4.751339455606841400e-02
1.754459716532597247e+00
1.400943717514917974e+00
7.881233312934049495e-01
1.271037460530221042e-01
4.903287015525183978e-01
1.838375525605222549e+00
1.401443449808291053e+00
1.336576226411366752e+00
7.982405135637820059e-01
2.471522287772280890e+00
2.720496238153700563e+00
2.501681720976291490e-01
4.083006802383736811e-01
5.376985814251296070e+00
1.407288440489239179e+00
1.147217917053898528e+00
6.094902878764087983e-01
1.189350281419925048e+00
1.295028992891033015e+00
3.282315484304557107e-01
6.819507102867888859e-01
7.407318610745685650e-01
5.134011844421813020e-01
1.032487703948477886e+00
6.642959506216963295e-01
7.765094244906843857e-01
6.647337191984421523e-01
8.437375257449515331e-01
1.285347065487176588e+00
1.766559722484917883e+00
1.594555413905012625e-02
3.076238240655555511e-01
2.130866906452849374e+00
5.408725182109396235e-01
1.265747555971344473e+00
9.469316526478458451e-01
7.010183964655051225e-01
2.548083335450734288e-01
1.097577657839105436e+00
5.406707438558987500e-01
1.271545429732654275e+00
5.520153975586176293e-02
1.297750919453756646e+00
1.612008968263543007e-01
1.340235088770909355e+00
5.222572112046977022e-01
1.304667037446540112e+00
3.992005582680089870e-01
9.138720754339542118e-01
1.389584122243015640e+00
8.581868606843577607e-02
8.606118843110098782e-01
9.247147346417053937e-01
4.163588204469927057e+00
7.173822802914320285e-01
1.722721190246982337e+00
1.113674911777561699e-01
3.860842479230318647e-01
1.939743030433872528e+00
1.888112644997317902e-01
3.765830477877680771e-01
2.257167163146724109e-01
8.429139823096684081e-01
1.034456000225322470e+00
8.751235748174284179e-01
3.706178888000437044e-01
1.921865575104039214e+00
2.248668478322600750e-01
1.178358819430471272e+00
1.251092283637958991e+00
1.975285319778118387e-01
5.158858296098197904e+00
2.383489297264365536e+00
1.125104974316259998e-01
2.968840997715069818e+00
4.996157862307071262e-02
3.927555244056745165e-01
5.879786976011278643e-01
9.332279132892306039e-01
2.343573032246064614e+00
1.958033315368992167e+00
2.837431247046689475e-01
3.272890783895264999e+00
5.871427946712695078e-01
4.652242259673483038e-01
1.675693830414185959e+00
4.299720686640522982e-01
2.327554592236545261e+00
4.663749289253500407e-01
4.417414247019608164e-01
6.166862326671376793e-02
2.433196325599209953e+00
5.942235806572011558e-01
4.075334907982244292e-01
2.420186134565683322e-01
1.328973553248819772e-01
3.690439115088699484e-01
7.761574632820204822e-02
1.479922683230769920e-01
4.037251574557217393e-01
7.316717021490025397e-02
9.538773192897296305e-01
8.353886409533569646e-01
2.987467315740731100e-01
1.913138591210634398e-01
2.831217988398582630e+00
2.212965374858441581e-02
2.839102453711114110e-02
2.247617766403375017e-01
2.089596353156575673e-02
1.629691123012750209e+00
2.273329577492126108e-01
1.842498968884931365e+00
1.828909973099720476e-01
6.601423954215333012e-01
1.231254606568566112e+00
2.983810160917728993e+00
7.280284022496754659e-01
1.785226536069341119e+00
9.857389882576693685e-01
2.602126422868157540e+00
7.338207926732327746e-02
8.167836356777263829e-01
4.650996013642551274e-02
6.274353002608602792e-02
2.841613116480303791e+00
6.326755807242995244e-01
4.754906302104964233e-01
1.090053284336030132e-01
1.254428030374708514e-01
2.059420380543732332e+00
6.665987387097750405e-01
2.410741497106756448e-01
8.395290839291293938e-01
3.021031136176642651e+00
2.531228721744742227e+00
1.282933564484075806e+00
1.855405153010007413e-01
1.921795783978722805e-01
9.506301695351276893e-01
1.440991657084677025e-01
2.621621006181959146e+00
1.386441505633175586e+00
2.007749425217566053e+00
1.344732108357115985e+00
1.014060711009513671e+00
1.702654365985326601e+00
4.777363568776835795e-02
1.294930902476455037e+00
1.342003762014614132e+00
9.190104216001444559e-01
8.847138680078941997e-01
2.601327724156428989e+00
2.099006200275072287e-01
2.643394011357860229e-01
9.951485153639895442e-02
2.287842359598311059e-01
4.779952502750720034e-01
8.704445693069677858e-01
3.510416152426167335e-01
3.144927694031955379e-01
4.438928430681325366e-01
4.027581397122487417e+00
1.119263483796947511e+00
6.769124386513921676e-01
3.262948290530134909e-01
1.248689692394148620e+00
7.786514960428836396e-01
7.485598575536332733e-02
9.372793610942977693e-01
5.532615646241569873e-01
3.841769912291906341e-01
1.231029532667698767e+00
8.230812053244003224e-01
1.835758882658040103e-01
9.293498475431377637e-02
1.744787356665744360e+00
7.095843430077654057e-01
4.180564387781130486e-01
2.174258429663784131e+00
4.748548303341102450e-01
3.439508809069967143e-01
2.032328430256769458e+00
1.578056161126796697e+00
1.411736211580738143e+00
2.805598121775001452e-01
4.307794636235351970e-01
7.973695883846060317e-01
1.195194616736712234e+00
4.323653099562693169e-01
1.621419447120850732e+00
6.774785057771154362e-02
3.030514257066931338e-01
1.184151959726217784e+00
3.747854919148917441e-01
3.515940358840283220e-02
2.241753769741276769e-01
1.474801025145120237e+00
1.640454526685205305e+00
1.798216276820438386e+00
2.652604996914281199e-01
2.491877164834632452e-01
7.584544711634904068e-01
6.324719176946876908e-01
1.637324717449716305e-01
2.454274189967523334e+00
2.929784276807653742e-01
7.792325051230754307e-02
1.015902321013958109e-01
3.117484382949698984e-01
7.565356194634036413e-01
8.589685886313240815e-01
1.272351457254762286e+00
7.980983675890980511e-02
1.522231928227019970e-01
8.257342994688500193e-01
3.321665227638793461e+00
2.078390165679858959e-01
3.447036585759137295e-01
1.497604296189062101e+00
4.073757334622754578e-01
6.649734809313528894e-01
1.952785586890057212e+00
1.246120330832318324e+00
1.255835625361520824e+00
2.404188862536996929e+00
1.246898205966433082e+00
3.444052263425670279e+00
4.167000240162241020e+00
3.003624573420810018e-01
2.056625879962363235e-01
1.172226544362292844e-01
1.651089759760452136e+00
4.714872771122242234e+00
2.977250105971442351e-01
1.239114598859300947e-01
1.114700221914977085e+00
1.116318703700313608e-01
3.088601424024651543e+00
5.967497138463494499e-01
7.529930275847011023e-01
1.316149262802853048e+00
2.612926909451609991e-01
9.363361847811998984e-02
7.426441936632325325e-01
9.620552746770736352e-01
2.302553158162857105e+00
4.246974050419145552e-01
1.060841195821730532e+00
2.920220766662930956e-01
2.039768955092359892e+00
8.173221507315906464e-01
1.276959980224887381e-01
1.571752875609088607e+00
1.237734462162455751e+00
3.032579101756629480e-01
4.119419329285753384e-01
1.393487982404614245e+00
1.679194367113815423e+00
3.562965823000938670e-01
2.040685555895211944e+00
1.501420095392350884e+00
3.376219618059618788e-01
5.872139346401916704e-01
1.411789406288167736e+00
8.528461518753550630e-01
1.238741152033080717e-01
9.301069323233015496e-01
1.155463092681240811e+00
3.209698751186320198e+00
1.456875163810147811e+00
9.362041383725452914e-02
5.440041421179214048e-02
2.384317387905432017e+00
2.525533388255602585e+00
1.182339921277621997e-01
3.319053686250301727e+00
7.198942385242980135e-01
1.210504803476134539e+00
2.259798531204078920e+00
9.208713326230670848e-01
2.201143759077908990e-01
7.866986850271313614e-01
2.528810690868555699e+00
9.811875092192426928e-01
1.901549737875667667e-01
4.738198370142578802e-02
2.104487983937126216e+00
2.402011010058351381e-01
2.209651924703008030e-01
1.200768485143166760e-02
1.856563016132981303e-01
8.173382955328968302e-01
2.192574082135772873e+00
4.143085904713579848e-01
1.415106959039874601e+00
1.727536341567809997e+00
6.802167947547469451e-01
1.493657982713213705e+00
5.917937603501408628e-01
3.095961957672836995e+00
3.634726016553673222e-01
7.542653596082220246e-02
1.944756967371391310e-01
4.203036512090967958e-01
3.793059268836829756e-01
1.580846833518967598e+00
6.453965317705370186e-01
2.368275317777523981e-02
1.413922209017335119e+00
3.022172554593146598e-01
4.381261429808416263e-01
5.776591590048917313e-01
3.576429943973316594e-01
6.259358334485779496e-01
1.352365290945439114e+00
1.039851154319989757e+00
1.238754070754033876e+00
1.304278226652999528e+00
2.241380199251889582e+00
6.551396653074810228e-01
1.064145497533173668e+00
2.037138577035423337e-01
2.123321372877581492e+00
4.137737649408734092e-02
3.798716460866994327e-01
1.046330224313145596e+00
5.048267015401276536e-01
1.063937195159595062e+00
3.449901947279786496e-01
2.174773151783423675e+00
3.862346512591716130e-02
3.247959637558421597e-02
1.475401261373413098e+00
2.082417002446076193e+00
1.312994244918669784e+00
1.634071941275152540e+00
6.230825755370076324e-01
2.285043317640200189e-01
1.327279345740222771e+00
5.432902935763967989e-01
6.918215138193301028e-02
2.447893215037614478e+00
4.356247679427743269e-01
7.881852803280534614e-01
5.062898501492245629e+00
9.616697563845254537e-01
3.542854117496769817e-01
5.138421852227509357e-01
2.801208749069473036e+00
1.875209221444142260e+00
2.787513478536219891e-01
3.649555101379495792e+00
1.691608099351240568e+00
2.505686016124827997e+00
4.915585646803952713e-01
8.156070939329391756e-01
1.395734696117768570e+00
1.314653621394977323e+00
1.619842503141575962e+00
2.916366845137740027e-01
3.382035776476538746e+00
2.267233389666188703e+00
1.540690514756699159e+00
1.063058174809103251e+00
4.315873902590957600e-01
1.268501556585218681e+00
3.143538874537911143e-01
6.355973035554760564e+00
3.347825787457331392e-01
2.849608903020435680e+00
1.201406032626537002e+00
1.353039309799489498e+00
1.026633684966408028e-01
6.939062331765210034e-01
4.119490932383089166e-01
1.817359042728659668e+00
5.821002587717444277e-01
1.249299490761871301e+00
6.278246344978823112e-02
5.181092841861074660e-01
1.548016911037338517e+00
2.091918207488516757e+00
2.463421359309257153e-01
6.411030938736880236e-01
2.991960126333721992e-01
9.128532777077369431e-01
7.731750631297629184e-02
1.304505931997247847e+00
8.267187557525538244e-01
5.547809781310547583e-01
4.310740767690086073e-01
7.890430554245786432e-02
1.107730901394096690e-02
1.094174420122033586e+00
1.753446805253531915e+00
5.986680631826255539e-01
5.538089077127089643e-01
1.238654137078876394e+00
1.499382268327358103e+00
1.833848378173249305e+00
6.727284465390180879e-01
3.271672816830658026e-01
1.029671535091423396e+00
1.605303310108538772e+00
4.072858917512118260e-01
3.611438987249490085e-01
2.349194929474572646e+00
4.966567146963100643e-01
3.644371664110276354e-01
1.303787252070590208e+00
2.498492196254002151e-01
1.966084447492641107e+00
5.779145606729111373e-01
1.147474551032382273e+00
6.808189982450679745e-01
2.995363379030075435e-01
3.689868050857924020e-01
5.511345194057454266e-01
2.186819580893782644e-02
2.727833830489282546e-02
6.908125820081962853e-01
3.314150759718941797e-01
2.380226319758171005e+00
1.210710836689181225e+00
1.676879637196492467e+00
3.259469194753270016e-02
1.714524136834588708e-01
1.209145285834521966e+00
6.557396981543892611e-01
9.994666891905690242e-01
1.771482747607109998e+00
1.222556377785058546e+00
5.854009695551564141e-01
1.678062187111268588e-01
7.701117761348993396e-01
3.641653693112148815e+00
4.557170673505984482e+00
9.820863741346880227e-02
1.477203736269327994e-01
9.025462760761172598e-01
9.839044558246637928e-01
5.438298526530193078e-01
2.053374898805095494e+00
2.764714750625437478e+00
1.230371508259970881e-01
4.314517719099831838e-01
5.269216863374248661e-01
3.835162135236720449e-01
7.534595404985060529e-01
3.577694279649277220e-01
4.969301553355626733e-01
3.902690501244827637e+00
1.995856736842273271e+00
3.130185451758354942e-01
1.692074653366975490e+00
2.050000820409272340e-01
1.076077101680644188e-01
2.784052510320539908e-01
3.751454176083746095e+00
2.896214518164927920e+00
1.112988576414915887e+00
1.030002559352525937e+00
1.206359429933285599e+00
1.926119618454297938e-02
1.980653164408949340e+00
1.823059720585552268e-01
3.990891189323206856e-01
3.961488124918997183e-02
1.759473641117261233e-01
4.000888184701520522e+00
6.557235740920650535e-01
1.520485487731194407e+00
6.403803352362610335e-01
2.306180965067432809e-01
5.255316207454372446e-01
1.846182437062869663e+00
1.287541268898559910e-01
2.944205498758876161e-01
2.492144017038262493e+00
8.223671577867123217e-01
6.361448174887132101e-01
3.379588066984464234e+00
7.731148141133924456e-01
2.361582248589588762e-01
1.372598631218653553e+00
6.269030402630317023e-02
6.964456164238697067e-01
2.105572303691095382e+00
1.011773803049711873e+00
2.414754524517925827e+00
3.528073806609903218e-01
3.238555384545711568e-01
3.662423529514116094e-01
1.789124159029302219e-01
1.218701762326356020e-01
1.975692857002216751e+00
1.358378024208431123e+00
6.077347498047583896e-01
4.723288629549846074e-01
3.046985221272163091e+00
6.787195938730823386e-01
3.853054636149363943e-01
4.598101881028922033e-01
1.609276737221931874e+00
2.383008062162871865e-01
1.183446415284459485e+00
8.126485431134937709e-01
3.118033670065960550e+00
7.558572912063362681e-01
1.130962525652820849e+00
1.273661268241947919e+00
6.181994201555979229e-01
2.748566419194640176e+00
1.595277473124827150e+00
4.560865315262320197e-01
6.691874738795745570e-01
1.760338233123617258e+00
2.251258545756474216e+00
1.293613188077742393e+00
1.797659521223625489e+00
1.389238771966674335e+00
8.684524455499769147e-01
2.940996558246263270e-01
5.727793650566934680e-01
1.253459865862072142e+00
8.937055529304152035e-01
1.761010852943448945e+00
7.411068866944117706e-02
6.360494172279743674e-01
1.137314284622132243e+00
7.974921399270977485e-02
1.059439787874126404e+00
6.993207668405758415e-02
1.037541293347088223e+00
2.012926177794394644e-01
9.501252663668752207e-02
1.689764238032006594e+00
4.703483353131591715e-01
1.983754126689119268e-01
7.112401037792098757e-01
5.479767959850820880e-01
5.520323873574506379e-01
1.655139382465494746e+00
8.769045684052222123e-02
3.963632203599044557e-01
1.002526439577164918e+00
2.600989532658655110e-02
1.093605622762100937e+00
5.544813173425494623e-01
3.665890842432196983e+00
3.115354468419461176e-01
1.951535451291079193e+00
1.051021840765899995e+00
2.330707732084170633e-02
1.624110663383866893e+00
1.936126859803344535e+00
1.846271117794028305e+00
3.968195670092603544e-01
2.245859975903043093e+00
1.121583688268111834e+00
9.511309734933468540e-01
2.617220477719263139e-01
2.967520523454821868e-01
2.094652724360591273e-02
5.322102377552513364e-01
1.137373283333951823e+00
3.874838772505637130e-01
3.041716189435897277e+00
2.423830279419469047e+00
1.154919249611132459e+00
3.772609734003398163e-01
2.497506350345089832e+00
1.914492492191692541e-01
1.235727323183391846e+00
5.329814645121008221e-01
7.336696711617689548e-01
1.809383827947094403e+00
7.352435622513127100e-01
8.049250489049000201e-01
1.542559906992573504e+00
6.967312636102700463e-01
1.512392546506181878e-01
6.545432276591575671e-02
3.071780901959251242e+00
1.760058505062798706e-01
2.206483461355472631e-01
6.369121524064136342e-01
5.902287766033893490e-01
2.098593244266305113e+00
1.579232764720724935e+00
9.919506350438100917e-02
4.831837567612736750e-01
1.336143511504246151e+00
7.298596948183025956e-01
2.532463442388029895e-01
5.155418614520269616e-01
1.219651128097339471e-01
8.201618939376454920e-01
8.565635301731851226e-02
1.995349728031043490e+00
9.299841316790667667e-02
5.301466807507828616e-01
5.197890836553586968e-01
2.560006905741062599e+00
7.182212882532268416e-01
1.086276790864092678e+00
6.992573350464877935e-01
8.423348580226509563e-01
4.171116235873954525e-01
2.571028809221484468e-01
1.464862579567286494e+00
7.073783752130994307e-01
3.777316879071516698e-01
9.728981202865496503e-01
1.234291227515456751e-01
1.332406533177828312e+00
2.324402350431070907e+00
7.437340593243293441e-01
3.334664740826492668e+00
9.901613437760027614e-02
1.952461590054675566e+00
2.181959450568305758e+00
1.811832332107234267e+00
9.856546844734030699e-02
1.741128225853556977e+00
5.068489369155693147e-01
3.774653318684022540e-01
1.120386471793774374e+00
3.302214384105251477e-01
7.822696436632241568e-01
1.208533555465659770e+00
7.933419003540469194e-02
1.170503810641017717e+00
4.365834459493801445e-01
1.153823918775344737e+00
2.995788920199093930e-01
2.900204641257046134e+00
1.449413877295929520e+00
4.504150976656056682e-01
5.543343982973837347e-01
5.265562431668353582e-01
1.494214973462468121e+00
1.357945425217230717e-01
1.303081159057764893e+00
5.552947672120047695e-01
3.102813476084509969e-01
5.529664371936624523e-01
5.055763776286615885e-01
2.508104451238958865e-01
1.186765087581167499e+00
1.104302379048008598e-01
3.477973467633602711e-01
4.387645816070685073e-02
3.539093558995749511e-01
1.470214158805881466e+00
1.477512834047098211e+00
3.181437291643472332e+00
3.762974437867230848e-01
5.700671422968309088e+00
1.379110094128001007e+00
1.290161983198219731e-01
1.257150514857039991e-01
8.862575879429595016e-01
5.177715105990762234e-01
9.661116334283894602e-01
5.845384113492489014e-02
9.673702303056157525e-01
9.061467476128846066e-01
7.333815984629687978e-01
5.148769769487346881e-01
3.563643372281718236e+00
4.991461800314643260e-01
2.629616953324157347e+00
9.228900303539313565e-01
1.042684165033012533e+00
1.580756775673867853e+00
1.068102052137875679e+00
5.585004683602213804e-01
9.314237492377910321e-01
7.482277776590580132e-01
1.915920332808396243e+00
9.460305179553309962e-01
3.034272313039552582e+00
7.876992350866750536e-01
2.323620710370158937e-01
2.495116065174456388e+00
3.641478760047242580e-01
3.902537720448618908e-01
3.336225437739078981e+00
2.935995801330395505e-01
2.666577638158736940e-01
1.741302362262448389e+00
2.572907232061287797e+00
1.356162594028485380e+00
3.761057977330862223e-01
1.367229296813714301e+00
9.893484601948863977e-02
1.645060435788203157e-01
1.402630830595716360e-01
3.178300094771384088e-01
2.254355020440360402e+00
6.087028123676012648e-01
1.456317818507790740e-01
1.041449988498856172e+00
2.819303136820291988e-01
1.393699047140992020e+00
1.025502520639402226e-01
1.267266728076742011e+00
8.084682702945367172e-01
5.569186738057423369e-01
1.016371706138871761e-01
3.681023486615607188e-01
1.124216047626533710e+00
1.216366630082366784e+00
8.494016709250030717e-01
5.081103033457561757e+00
2.154834682592536577e-01
7.812985888519099476e-01
1.382983874387363699e+00
7.468558320059236477e-01
1.582285900002924628e-01
2.313643655800556032e-01
9.969114777786630688e-01
6.561992881478637685e-01
2.320082938225814795e-01
5.055710812324195613e-01
2.047539583348183090e+00
2.472729060404655677e+00
1.255484722696954103e+00
1.051985263850187674e-01
4.666242372072176292e-01
1.623755984361385241e-01
1.710030129323844017e-01
3.001573457996120631e+00
4.466040555208047325e-01
3.977607392868942049e-01
1.786751180891952728e+00
1.661857749627390635e-01
7.612355780687894979e-01
2.150557197487276417e-01
1.748602145042511768e+00
1.314723466664635465e+00
3.666772419514788273e-02
9.537485094854829537e-01
8.032601784305762882e-01
5.389715032541340933e-02
1.906344330439641910e+00
5.228206858304074167e-01
4.124428304305655102e-01
4.651993155464160257e-01
6.775267731816052574e-01
2.741681647596062588e-01
8.857255542218419597e-01
3.754245000599460425e-01
2.389921410962438930e+00
1.868719085101170074e-01
2.670287189298064856e+00
2.403420317810101847e-01
1.357702390976925688e+00
2.845804375938486785e+00
1.640357835778353035e+00
1.092976338433099048e+00
4.314285295071146109e+00
1.010234311352175285e-01
1.329191539506852759e+00
1.922467644647225249e-01
6.324309154324840587e-02
4.452509293288713921e-01
8.035575738212361596e-01
1.022813373713111762e+00
9.019944682059416463e-01
1.179939968333746592e+00
1.361059247433000878e-02
6.887492580868522785e-01
3.459025279703552336e+00
5.549952095282989495e-01
1.862903740335566105e-01
1.864282760324428523e+00
5.707347766234044384e-01
9.269419459785301907e-01
1.431785255628975628e-01
2.120812662004521343e+00
1.554048214787721482e+00
1.015377674120854445e+00
6.092492472539312587e-01
3.028335093119322696e+00
7.585122153330142725e-01
1.964917007952051264e+00
1.147940765130577523e+00
8.420641350862984043e-01
2.314148369540957040e-01
3.087491470456666498e+00
3.170831863229908731e-01
3.628515924858774500e-01
7.514349420620060060e-01
5.371806442191665587e-01
1.306569076954461339e+00
6.338308208792406973e-01
6.106498472007717560e-01
1.018972111436932532e-01
1.972250433697972927e+00
1.306713989343839977e+00
5.857663490718904020e-01
3.091058385254808472e-01
3.489730726646456671e-01
4.545125052136270161e-01
2.456035541763943897e+00
7.097536933307875551e-02
1.572222281194419535e+00
9.780725114584735980e-02
1.327267012201309715e+00
6.575610912173114331e-01
1.887919508647502853e-01
1.017092425528837607e+00
4.724742136832310591e-01
1.788487192009564852e+00
2.971579453055347431e-01
2.181085878215337504e-01
1.971359086135618055e+00
3.495739764242066006e+00
6.896299130308655156e-01
1.046827056738297124e+00
1.308436879082322424e+00
2.416861538902766782e+00
6.635003557454012268e-01
2.895228112258877995e-01
5.908958512213152714e-01
3.541365122695196432e-01
1.904363395183633276e-02
1.129923899543503030e+00
1.270443509441101737e+00
1.228024424625562050e+00
4.079020992305148141e+00
1.063573074513513905e+00
1.928175524245736128e+00
1.794977403360832058e-01
4.536529303220893095e-01
1.180360099510704641e+00
9.920867840921629432e-02
3.170000532164896079e-02
1.653563872892385711e-01
3.853505369456807550e+00
2.947773785510145461e-01
3.630672395183711099e-01
6.783945179595264330e-01
3.324710962844922846e-01
3.549110096791174285e-01
1.670394055505284969e+00
1.098224506205480067e+00
2.161792563989439753e+00
7.117711925052801203e-02
5.106947634723441043e-01
1.551045994816427021e+00
6.200815321007734360e-01
9.259110882866591896e-02
7.276342713173264420e-02
6.802127146609477926e-01
2.322370241769878274e-01
4.481956241687369835e-01
1.900023480946080867e-01
3.678654864892355603e-01
1.078195448014747315e+00
5.437571085452599373e-01
2.061684374490646121e+00
5.256549536825440017e-01
2.682169173426131259e+00
4.502773616382362287e-01
1.037218218586066776e+00
1.213235279433683561e-01
5.273669286890472208e+00
9.018806150430601631e-01
7.628627571092635451e-01
7.165794848274980033e-01
1.362983121257728802e+00
2.719452889984609545e+00
1.220953706103659941e+00
3.548176360773013238e-01
4.297907248636597011e+00
5.373388600962035744e-01
8.950888267675712051e-02
1.355095109414825361e+00
9.243898553798229889e-01
8.985709115197562102e-01
1.200782306702620428e+00
5.189848239096239713e-01
5.055748066670667784e-01
2.392154867550218278e-01
5.681067451737095014e-02
1.547065064257076017e+00
3.342965802488126470e-01
1.267132460987810960e-01
8.624951432831176046e-01
1.025738189972194458e+00
8.231913727504268363e-02
8.020373505947598902e-01
1.068195006769726979e-01
2.206092155499495444e+00
5.760081821522479162e-01
1.475836167860153481e+00
1.050269538435669059e+00
3.246919902737600006e-01
2.507824500466613316e-01
3.362647450927436221e-01
1.027627741263702488e+00
4.317068279989329516e-01
3.505996532181758329e+00
9.953430071397048606e-02
4.179582941905938820e-01
6.398330964070886306e-01
2.300599797815422454e-02
2.462546322847220637e+00
1.049081588362612838e-01
6.738895885507895089e-01
9.636012215242965862e-02
3.210121244994365020e-01
1.413741284609550064e+00
1.284330266647758956e+00
6.890748385551505040e-01
5.976377963396097837e-01
4.264310499404279087e-01
1.083780738903353136e+00
2.348470064901116761e+00
4.767685278111623015e-01
7.342286262181185741e-01
1.944522396892596205e+00
1.852390819300114844e+00
8.537181653602272657e-01
6.355385795084564360e-02
5.193616476368267953e-01
3.559468338065125415e-01
5.366671159543827674e-01
1.470252666867250646e+00
1.133077562749087663e+00
7.610969559274135543e-01
8.733862021931381170e-01
1.769036882967927049e+00
7.933448519199508275e-02
1.044051789944644204e+00
7.470805748746119912e-01
2.006163216685645789e+00
1.657398439268462420e+00
6.910729921898602079e-02
2.500050900897369255e-01
6.378887276274516349e-01
2.980189459275381925e-01
1.019420937705057817e+00
3.716565634719598554e-01
2.628004144609241699e+00
2.130775639967990853e-01
6.877161991116844675e-01
1.960335061226244902e-01
4.966099460142706090e-01
9.257591808437750647e-01
6.283163077218409942e-01
3.859717965597513345e-01
2.191589613576395035e+00
1.497226715640115891e-01
3.870517797308116181e-01
9.138932591840632780e-01
1.022684472140402562e-01
2.973243624171866273e+00
1.868791426834861102e+00
1.923847067772596064e+00
5.158283105950885877e-02
1.565507103939657307e+00
1.278789371893795490e+00
3.434912785126140872e-02
5.633604969492527204e-01
9.957375816841071980e-01
7.532265744537788854e-02
5.034075321063895547e-01
5.818824450391291148e-02
6.361993254449467283e-01
1.311412088079404681e+00
9.303932642367888084e-01
2.418296756187594543e+00
2.432716055063141591e-01
1.325710115175935400e-01
8.307865622775242320e-01
3.866393615005623285e-01
1.559594810949421761e-01
3.634843199365624944e-01
7.814347570845787683e-01
1.890303907299236919e+00
6.274113863366229116e-02
1.423767130966730576e+00
1.794853924280664037e+00
4.809701728999654646e-02
3.590948587720584340e-01
2.060854673703229611e+00
1.451190183637599551e-01
5.306091624694250219e-01
4.737821015319324758e+00
1.941410566514764624e-01
8.511869033236914295e-02
6.979650451719243698e-01
3.422533495283725524e-01
1.397867484460605103e-01
1.130409591860300766e+00
5.223067204097470162e-01
2.794594012453913701e-01
7.716324886653214143e-01
9.511237464512979634e-02
1.726602195557734198e+00
3.129120502909137791e+00
6.967332667878687325e-01
2.798119503683483278e-01
7.082030300704285075e-01
3.038689500935420007e+00
7.754405603550686144e-02
8.630723756112531619e-01
1.739073818834544038e+00
6.817640733541049380e-01
3.125404414067866621e-01
3.986263843557610986e+00
1.034041791862093662e+00
6.411001359801662414e-01
4.547194773341293739e-01
8.917475593877745021e-01
3.431778317723952476e-01
8.832119081654382642e-01
8.878725419349154935e-01
9.466117218213150331e-01
1.706348030857675890e-01
8.186335964146472799e-01
1.562025827148509627e-02
3.422078620464012455e-01
1.920910084484226621e+00
1.077305565604052967e-01
8.282363624480301167e-01
1.257405391446171639e-01
1.453004177084064263e+00
7.190433037018074680e-01
2.474330811071800085e+00
1.586513591392015587e-01
8.716359823784396443e-01
9.541645931594560093e-01
9.116783620576478231e-02
1.748651811314911320e-01
3.344345706616024261e-01
1.257267588553601767e+00
2.751988137388648378e-02
8.841397885121684563e-01
1.554530577885825826e+00
5.700307820650791779e-01
4.882128214193648397e-02
1.628417531090032844e-01
2.348632757347131506e+00
2.710311703880592948e-01
6.978477813874243152e-01
2.621172661800286185e+00
1.225387463161609958e+00
1.646837010161067871e+00
2.528419365280051290e-01
4.947937194618425294e-01
7.165570637384562902e-01
5.179620064861306661e-01
1.586488959329230286e-01
2.155706221461518357e+00
3.186171095691236133e+00
2.164453655915151931e+00
7.261136768693821075e-02
1.813866082094248988e-01
2.068076118057681434e+00
2.917238056305208715e+00
1.589694047107364172e+00
8.024060642473870297e-01
4.194070567883060874e-01
1.386547156825618909e+00
2.101251901850486714e+00
1.283283426422711981e+00
1.380165252719018687e+00
1.153344089598643762e+00
2.957867551975326692e-01
7.815466152848159209e-02
2.173658590489827347e+00
2.432091211946852294e+00
8.154060695395173308e-01
1.317091893938728164e+00
4.073159998953206351e-01
1.077970077264980509e+00
2.809563695642765424e+00
1.443000847956920962e+00
2.696155491198267473e+00
5.333637979145480212e-01
1.213506926829300614e+00
1.235642404625230673e-01
2.154226105329003271e+00
8.271886344347083586e-01
2.357626539792639253e+00
3.199852381798085621e-01
1.091101022051423064e-01
7.106399188004596246e-01
2.843470317141680304e-01
7.515510232276557678e-01
8.175959648478765551e-01
1.736599725796687199e+00
2.122195957667446731e+00
2.013642604911115574e-01
1.141129450249839944e-02
4.602396519759038296e-01
7.831243309735246017e-02
4.187282664812720379e-01
6.590121624051857863e-01
4.116218130915907381e-01
4.243474237167613516e+00
1.287592691183862548e-01
6.239615669873764814e-01
8.126528965002315363e-01
1.758967344170544456e+00
1.715315011969983372e+00
4.842602073112124650e+00
1.725432013729509384e+00
1.107041679967401132e-01
1.496294853885202052e-02
6.199551830674565611e-01
1.047455667059993614e-02
1.341642776156284911e-01
5.740622106789292634e-01
1.418920838742533164e+00
6.126523027815410360e-01
1.805777678257701746e+00
6.028080890314455598e-01
4.215367611399611358e-01
1.345999308192605826e-01
2.845618413375327616e-01
1.199393613976624806e-01
1.914944213539020001e+00
2.280461433981150615e-02
3.459158990252549248e+00
1.947781799171997230e+00
6.613828153792571385e-01
4.533537983570045671e-01
1.800978450049260382e-01
1.148985016764876965e+00
2.271469219365259973e-01
7.009823127364915862e-01
1.618738893851591865e+00
3.571409687415199041e-01
1.597146007780292143e+00
4.100296164386761921e-01
1.213006283713662148e+00
4.815394362630474046e-01
3.502091725408614575e+00
1.276015761634824441e+00
5.961041220256949602e-01
4.435662725066498724e-01
6.667955520244679413e-01
1.660587816261637484e-01
9.337187454777540196e-01
1.307473649904872914e+00
1.261688535848337178e+00
2.981085880835888102e-01
3.432936483177590481e-01
3.671197769231384078e-01
1.950604818686628439e-01
1.777067526151848709e-01
1.755461884226990010e+00
1.795875124009081447e-01
3.162172044742918575e-01
8.605857014020983353e-01
8.449607215750226663e-01
3.053008156101914006e-01
1.184916264595039070e+00
2.842739219937602702e+00
1.795712595959583879e+00
5.131339023590206772e-01
2.230812915997540724e+00
2.262009221083348898e+00
1.498411234835870465e+00
1.283006780456677598e+00
1.358477214313249748e+00
1.578890246654559348e+00
1.269792278461304269e+00
3.635738496339607773e-01
7.426435086346798720e-01
9.821264089344411419e-01
8.593112962460892623e-01
1.164959243908179509e+00
3.165373267161718518e-01
2.235683394517398170e+00
2.390457408439933484e+00
2.069386603665792634e-01
1.217730338512922894e-01
1.996290569356016897e+00
2.435215593277147761e+00
9.327488143221113193e-01
1.675107258330865045e+00
1.002466138691694209e+00
1.863767799033582806e+00
9.286520720868945977e-01
1.371552234910879742e+00
1.832717540178371074e+00
1.928858630292279663e+00
2.601542448332397339e-01
4.855244037433540938e-01
5.026154513663087103e-02
2.668163122174800339e+00
2.793767687698585966e+00
5.428829200042524228e-01
4.205362800667098999e-01
8.839082409288808728e-01
1.936682423844025280e-01
2.815453140896363671e+00
9.208986715520051103e-01
9.655867938536532025e-01
8.374374254462134681e-01
4.864795224686088160e-01
1.372804387779111845e-01
7.281578239900375893e-01
6.298849293842245789e-01
2.352432047727996078e+00
3.521364543209555831e-01
1.525802884211221233e+00
1.151058093402310467e+00
1.205732958196453070e-01
5.220156286193557982e-01
3.824333892236619903e-01
1.993375117487373727e+00
1.201085124351285893e+00
4.187865538711431634e-01
8.096326295003011819e-02
5.209810621960611621e-02
2.019628348665238882e-01
9.016179543812206099e-01
5.979313064784133047e-01
4.024494627400105884e-01
3.819998232811338212e+00
1.084193770497141829e+00
7.487825746734877441e-01
5.648904547875319704e-01
1.801972640497189415e+00
2.548056028281860286e+00
1.865185350562708899e-01
8.199233519298421147e-01
2.600047322954019552e-02
3.863233703270968489e-01
2.480936291313924791e+00
1.196710835315438315e+00
2.627825500972202022e+00
4.289278079639806118e-01
3.036162148983316267e-01
5.834789465158574107e-01
7.705251161732843412e-01
3.549704575078136970e-01
4.430966941227559297e-01
1.457582337756612723e-01
7.143531060101273589e-01
2.654018377723087185e-02
1.440348580079596985e+00
1.507505184261681341e+00
1.878321033954989838e+00
1.579802369271365858e+00
1.571425724077389452e+00
1.084100686930054680e+00
1.953929175066584811e+00
3.735298275873311091e-01
5.869562448684467748e-01
1.111893570289223199e+00
1.263439596956592137e+00
1.927609753007829330e+00
1.831917416647696195e-01
9.439293100391458191e-01
5.143765936870469124e-01
7.707041265663115981e-01
6.861008921399431859e-01
1.438272888014556106e+00
1.027141348170249158e+00
6.979017972974337347e-01
1.700690435014068705e-02
5.099338116128698112e-02
8.040823948083904993e-01
9.076708831813043998e-01
2.280265154826794483e+00
1.649885903169151069e+00
1.165001273260937165e-01
7.413124032718759748e-02
1.953037323987217855e+00
3.662232364270668894e-01
5.735898349880174107e-01
2.071097667504802509e+00
1.776839309479099072e-01
5.135958700046876491e-01
1.576047924094903241e+00
4.489482010375609455e+00
2.285586872567454630e+00
4.097065371704208481e+00
5.648001998780347588e-01
4.551708374453184575e-02
2.111340708324322413e-01
3.446565162990182229e-01
2.457211974834629456e-02
8.462194654622984258e-01
1.445433189740259472e+00
9.536638035504283462e-01
2.363329203965204517e+00
1.627716783802863443e+00
5.655016144136796319e-01
1.746189739640027438e+00
3.886367135953279761e-01
8.145946656502597305e-01
3.922056548176180435e-01
3.653568025240780948e+00
1.498526621013711368e+00
1.598748372331454171e+00
3.150864799038772257e-01
2.101175992012833948e-02
1.138105231000582140e+00
8.496553715876363766e-01
4.614135618391437266e-01
2.345808978131179501e+00
2.264841170784788749e-01
1.719737889512408913e+00
1.207324185058787247e+00
6.298401660556725012e-01
7.824903647944267959e-01
6.248081108633070091e-01
1.635541163411228793e-01
1.232655536216435560e-01
7.370776563948338023e-01
1.390984551485872300e+00
1.401080546168514962e+00
6.560619192557755053e-01
6.801118921589980326e-01
3.164178503805071263e-01
1.874522334880253382e-01
2.259887152583960557e+00
1.063133223517990222e+00
3.638852979942533428e-01
6.365838953824293212e-01
6.031418462229388711e-01
1.673623250865955869e+00
9.001728520947656076e-01
2.548426960847387512e-01
3.935173586269459234e-01
7.524313199511006856e-02
2.889619407248864014e-01
2.285546365149814907e+00
3.134349087707856696e-01
1.874073300063990588e-01
4.241754503591591563e-01
1.614863138502063145e-01
5.044265056750395493e-01
1.678181887536564831e+00
5.267035457239170881e-01
5.503736708641109310e-01
1.379764366751305760e+00
1.062282463222112616e+00
7.777261219062175934e-02
6.118649310620377646e-01
5.865651099764300769e-01
7.380067330466869580e-01
1.710828158028505630e+00
9.460085549395754745e-01
2.697048325172713423e-01
7.708540987158808422e-01
1.449115807824448154e+00
8.249339056194628927e-01
2.160083923454589883e-01
2.184525866111665382e-01
2.103863510465743270e-01
3.271427231382806777e+00
2.748308162129721732e-01
4.144146330027699276e-01
2.484099682070086246e+00
8.375018259292613676e-01
3.877252217696157133e-01
8.589635037865068767e-01
1.250250713152770032e+00
9.021590585682617847e-02
7.623676385097711838e-01
1.401125091347101614e+00
3.827418847752139808e-01
4.923893836582388800e-02
1.947158399317270583e-01
1.330026564684447354e+00
2.663390767075627386e-01
6.236718736649303763e-01
1.740632787652419133e-01
4.192157339398443899e-02
3.851652181375015971e+00
8.066626911324505100e-02
4.264513087140946457e-01
3.472264218062449004e+00
5.089895903118720616e-02
7.530845898980941255e-01
7.644476463216237638e-01
5.940610881991095216e-01
8.430449732960529352e-02
6.384665750581538513e-01
1.107968463185311725e+00
4.238460245674439131e-01
5.463705914944996800e-02
2.268319895621255800e+00
1.093908806898616914e-01
2.018811379757562419e-01
1.997243175410550409e+00
1.404311199946070565e-01
1.185296020686025464e+00
2.251827849472822773e+00
3.957803251918923793e-01
4.767244024298759042e-01
1.320926282719338540e-01
1.765887405822170075e+00
1.298368464796607613e+00
9.273093781751940989e-01
4.233408626708397293e-02
1.152832910147683299e+00
1.883188071325575808e-01
2.537791741207410801e-01
2.584702105618758239e+00
2.827533305386005225e-01
1.224585192860662586e+00
1.801962782849047429e+00
2.048058212417460222e+00
1.625198934312509724e+00
4.590986480535281244e-01
1.656568496383962197e-01
1.961592967990854364e+00
8.024553719598979118e-01
2.474736706366595651e-01
2.552920217217077292e-01
5.918830144776753288e-01
1.700905548595979644e+00
6.377011683655243734e-01
3.050369870101603542e-01
1.847841340042754910e+00
1.914879874710252450e+00
1.591557601889318718e+00
4.782415125282369894e-01
9.015633569188036267e-02
1.251338915943959851e+00
2.469548545667046291e-01
9.098757904684377784e-02
6.371983564848382464e-01
1.046335894680622269e+00
5.497133362980347604e-01
1.453745711373840122e+00
3.987036023045201105e+00
1.041916256542683827e+00
4.741174471927650735e+00
4.086612817997489766e-01
2.172883197578285408e+00
7.282127276373554503e-01
1.566136662274973723e+00
2.961574440742835712e-01
1.339970401725753546e-01
2.594780567469917365e+00
2.628465787109083296e-01
9.704683950735351061e-01
5.205545689449407876e-01
9.268886779419217570e-01
3.374604825170909178e-02
1.747947332138315657e+00
2.509960802649451872e-01
2.353261132414368184e+00
3.188022207797598928e-01
1.779868223107661795e-01
1.291266829888388701e+00
9.735408800399351914e-02
7.039161502691513306e-01
4.952658632200991562e+00
6.239733268947542100e-02
1.546816912515202258e+00
2.263564877042256285e+00
4.656086563773302323e-01
3.790561501987888549e-01
1.738130097612829772e+00
7.217473250541989183e-01
1.443501379774096538e+00
9.752158791229134094e-01
1.388800386543302678e-01
1.989539118657465355e+00
6.024213618137200799e-01
3.148641808422447674e-01
2.206352591390144724e+00
1.231797147525629660e-01
7.484867064919835666e-01
1.509900944122524735e-02
1.136492254522151857e+00
9.163735891294036984e-01
2.437638368543616207e-01
5.423119548346222452e-01
7.400310831442332704e-01
2.435098313303496464e-01
5.937380122412576178e+00
1.516294728106521328e+00
1.113604447548083742e+00
4.818060569407158766e-01
3.049384901037246465e-01
2.404234646577578793e+00
4.273193867016880643e-01
1.076301828302704683e-01
5.071766633600535146e-01
1.541210846793158895e+00
8.230851022293315111e-01
4.712781640120655702e+00
4.106922141988488262e-01
2.479103724445117785e-01
1.215943975541857736e+00
1.457268260039147334e+00
5.328914437078035027e-01
1.137166304660344407e+00
1.663487215433776534e-01
5.199015633947947634e-01
3.788625138147497573e+00
3.292494048274030582e-01
1.891633109126068746e+00
9.554068124648492644e-01
5.913419482174248065e-01
1.281280367811056031e+00
2.205910499566622995e+00
1.469289681945134429e+00
1.192335510467472243e-01
4.894836117515303786e-01
2.051724142199972789e+00
6.460663364553363708e-02
9.975145904644266981e-01
1.790992443974820603e+00
2.319357829431411069e-02
1.304754464479634724e+00
7.533405867871755257e-01
7.736116654058133868e-02
7.838345119555732987e-01
