3.083436148651058861e+00
1.153572118100872679e+00
8.406167014720380415e-01
1.632824646928084711e+00
8.849725040090572481e-01
1.749247487420683367e+00
2.552181413442126123e-01
2.690185852583287129e+00
2.268952439573405755e+00
1.573758304881167636e+00
7.340593269658452158e+00
7.449909439406238176e-01
1.507384031059419982e+00
3.304271580026361121e-01
1.780615727464788911e+00
1.593804955113181432e+00
2.427685570688751682e+00
7.032241895644362195e-01
1.360337947088963606e+00
1.365471141526758192e+00
6.215813721093620403e-01
5.586795178009487550e+00
3.082384376599203724e-01
3.643127670079628455e+00
1.278418164986838912e+00
1.990266815656875243e+00
8.558094818292603101e-01
2.399212328388259152e+00
5.949062203079344968e-01
2.306575946328750515e+00
1.445230065011470444e+00
3.627022252916312084e-01
9.551427376309088446e-01
9.020190738877004177e-01
7.205882674439717528e-01
1.181424195496190821e+00
2.386405236068178226e+00
1.161569950808344576e+00
3.957462066089166619e+00
4.353311488330016688e-01
3.861347485102625487e+00
1.439642113085999542e+00
4.736868687855577131e-01
9.606641550242815963e-01
1.763955434220912055e+00
9.490240601500100626e-01
6.986607652659148071e-01
1.245210768582944105e+00
2.764290497544346970e+00
1.772592978331227309e+00
2.299309944603552314e+00
2.932948919766554141e+00
2.131331691021573160e+00
2.868841798182449665e+00
2.484709456171620701e-01
1.553278216002604295e-01
1.888819296405229942e+00
1.742247288005876582e+00
7.405266285076674837e-01
2.787304655903411810e+00
3.220816898638588999e+00
8.736332513762870011e-01
3.359427126980754519e+00
1.615289407594630688e+00
3.662758281605175359e+00
3.962633625966396900e-01
1.787075609059040726e+00
1.784593429449348401e+00
2.245929200048332852e+00
1.109996165748597940e+00
1.123016281195072130e+00
3.405905760429345897e+00
4.516395208720511145e-01
1.208762157923405134e+00
3.355768313800710168e+00
1.529001718284143774e+00
7.749974714537782861e-01
2.326620342709805611e-01
6.330620629889091688e+00
1.226811077331509736e+00
1.760769080073186110e+00
2.834120288806597276e+00
2.863702540969934152e+00
2.439535488358808291e+00
1.840625729500073859e+00
6.800023108398229432e+00
3.575594365999738677e+00
2.009366854648224177e+00
3.733906673367841655e+00
3.148196782703406527e+00
3.391242578827585064e+00
3.940463129621873062e+00
1.267084378783405629e+00
3.013523882387239006e-01
1.063882986689111743e+00
3.350099309013918059e-01
7.287859555512802290e-01
1.076075379025960510e+00
4.935248638977531854e-01
2.271931636129738585e+00
1.388091234172840638e+00
1.006025185123261778e+00
2.498480952277206957e-01
2.331195595997342274e+00
6.647803411926382910e-01
2.466930146501296495e+00
5.486315998364365676e+00
1.920522891303410251e+00
1.634116963475981565e+00
3.637965932854389517e-01
3.598055877484410470e+00
4.835133766170837677e-01
7.081431616998373757e-01
1.995828030173685930e+00
1.557038094062210609e+00
3.517335574286785782e+00
5.209855482394768478e-01
2.107555652698057891e+00
1.567090127874276595e+00
2.108020616004273151e+00
6.082608898388248697e+00
3.793084920454471987e-01
5.308355824193254913e-01
1.160302785673095860e+00
2.973906828268470193e+00
2.449472387846279187e+00
2.549222929795917025e+00
7.814382560418351442e-01
7.241295929050243885e+00
3.046688348126990409e+00
3.162820624806280900e+00
2.773081524485909277e+00
1.675077272452143662e+00
3.109276101722984187e+00
2.760706480729933521e+00
6.311930013749703861e+00
2.351859983891817496e+00
1.094936049731829897e+00
3.765996857010674770e+00
1.248328846519940916e+00
1.712176599072013472e+00
3.911009873136581660e-01
1.814176969482067969e+00
2.164340398281376032e+00
2.168413291380546060e+00
4.747869843710359916e+00
2.955379955654905189e+00
3.117388852100597241e+00
3.703336349108510284e+00
1.191711830423699964e-01
3.840038105263365309e-01
2.424318143136061643e+00
1.368033289606157776e+00
1.205064518955387465e+00
4.992086796166660179e+00
1.777159741369194190e+00
2.118533674638075848e+00
2.017545778048644767e+00
1.977825933474356646e+00
2.825555737937474610e-01
4.060513327350173007e+00
9.100906958084463705e-01
1.532851249764066504e+00
6.576166530172826263e+00
1.883124614861324542e+00
2.207432103101151455e+00
3.541499665707744882e+00
1.920057543733632244e+00
2.700267246396297782e+00
1.665526853666949636e+00
7.454650007625432950e-01
6.156042413172963634e+00
1.438214447786467565e+00
5.737834074814042173e-01
1.321833402655054179e+01
3.535184906145325101e+00
1.010440087067382420e+00
4.253175952289278250e+00
2.443471218608131768e+00
5.280706103093668613e-01
3.081855021219995994e+00
1.969592797745339796e+00
1.287851202113345916e+00
3.176807803566927380e+00
8.902430778980416903e-01
1.536425994727844913e+00
1.722231697772443004e+00
1.649450185502135291e+00
2.078445810363878099e+00
8.213573242046066092e-01
1.013717102919250657e+00
1.391225722446290280e+00
8.670116482182611550e-01
6.412815535408468159e-01
2.216807121740857145e+00
4.082494817381280505e+00
6.509554534882623367e-01
6.715183058791778237e-01
3.848731626052169230e-01
6.917874878620068335e-01
2.148560068949985524e+00
1.807889855419437142e+00
3.658576920532440990e+00
3.307848478497725342e+00
9.798735154864469665e-01
1.903214733705223427e+00
2.694243748046444509e+00
2.603967151420422788e+00
1.273908849001439636e+00
1.344932056769382989e+00
1.229161120084490744e+00
9.634493781650594890e-01
4.235948097518958733e+00
3.062049292427655001e+00
1.978717906493998813e+00
1.284502299285811722e+00
1.568609729107837136e+00
1.773132514374253121e+00
8.769662746049076141e-01
8.995691017863889360e-01
9.044365241937933897e-01
4.918079566228604205e-01
5.058104242914099657e+00
6.215001704615870537e+00
9.034832409489832461e-01
4.186776092489092882e+00
1.131739771503271763e+00
1.000860473145617213e+00
8.819781391947537630e-01
1.060232257810719725e+00
1.503873581321897301e+00
8.894922032088848907e-01
7.038067536641620769e+00
1.098348564959797491e+00
1.938428384361207124e+00
1.737809382499532651e+00
5.070243687841493596e+00
3.768540767983363793e+00
2.419449311969156913e+00
7.916205798176453312e-01
6.442464220912642592e-01
2.391569520633003876e+00
3.987304303835679242e+00
1.417435150819186696e+00
1.123440367846944676e+00
1.181003629409632882e+00
2.094883360005986184e+00
5.910102821615901281e-01
8.913560615046475233e-01
1.959958587335828950e+00
2.777555632813500708e+00
1.122050798790727111e+00
2.041707037521580226e+00
1.151358053377862900e+00
2.759634100836502846e+00
2.776245967434076256e+00
2.500838029659675499e+00
2.402179819358076784e+00
9.075898219998250749e-01
1.914103224738670672e+00
3.742194961611060577e+00
1.548757727581323573e+00
3.519439533979169532e+00
2.620585243300008305e+00
7.413343728684866907e-01
1.621467105511906315e+00
4.054788737838535440e+00
6.148145289538831548e+00
4.678366416378867854e+00
1.913471327276451195e+00
1.144385314085321959e+00
9.904515825438794385e-01
3.936365401706353850e+00
2.353846458513696227e+00
1.291416437787463956e+00
1.440476777660335328e+00
1.531101595074457533e+00
1.768411852740105761e-01
5.094743778196956008e+00
6.038977923872959064e-01
1.803135768006688622e+00
1.180428566025132353e+00
6.134686091733696500e-01
1.802693448492310280e+00
1.499249994931014074e+00
1.519184574730520376e+00
8.067219973886141648e-01
1.360014631018359843e+00
1.231870494038498354e+00
2.466215503080881000e+00
9.265500111988381748e-01
2.010922871260303613e-01
7.589929394681457220e-01
4.185423135972146658e-01
3.398411898027519751e+00
2.228116805957163660e+00
3.617024241535324869e+00
8.480517940350937867e-01
1.921148710325013109e+00
2.926665143596767660e+00
1.536641522835393792e+00
1.917031752742887507e+00
1.372734118626551370e+00
2.768961219918752992e+00
1.716356758065394450e+00
1.230383205804501889e+00
1.995252831286447703e+00
8.006347289134471135e-01
1.307536805170373739e+00
2.472853097346298379e-01
1.871219977265423440e+00
2.564725385030778515e+00
1.449409643937738246e-01
3.154548618198782073e+00
2.213633898367107555e+00
1.420822418326550762e+00
2.703392203485910361e-01
5.113626999573669396e-01
1.369633547806932139e+00
2.273944748760283296e+00
1.578894256832779730e+00
2.233012547918772128e+00
1.065497792781838982e+00
1.540385135294776831e+00
2.744329545424844419e+00
2.376792721309201717e+00
1.347024225787405882e+00
3.251555946047950396e+00
1.900517026347132044e+00
3.726817871612149169e+00
1.314603668854400942e+00
3.290768189358604268e+00
2.485027754579588244e+00
1.025265788228186370e+00
6.437353897240875256e+00
2.622267638936916168e+00
2.098260049434102825e+00
2.274059267108657245e+00
6.437998274795000420e+00
3.414838106008938112e+00
2.694472247246283647e+00
8.841776495819453352e-01
2.295615723872152625e+00
4.378408281597147012e-01
2.907746259206565043e+00
4.266596843064686340e+00
2.449249700115579131e-01
3.089931606445138090e+00
3.603296212864269155e+00
2.977155241026665067e+00
2.082649028401989622e+00
2.990751285359076306e+00
2.244788702370217770e+00
1.368852663796569002e+00
8.540343957749547688e-01
5.418209564236081022e+00
2.234644892822450046e+00
2.731856977136438047e+00
4.829025318155478530e+00
1.835726825073026092e+00
1.197321495449897411e+00
2.022698509067952788e+00
6.576902537026776407e-01
2.933540094972645118e+00
6.263185930608095475e+00
6.829613089889296162e+00
3.252921756551165888e+00
2.832837351317618158e+00
1.829127225065741991e+00
5.767260331486675495e-01
8.128205027654180626e-01
3.374999995722816948e+00
1.726278954562498358e+00
1.337914791597782260e+00
1.255508794528357397e+00
2.165936923261865488e+00
1.443369754077109990e+00
2.931620266788196982e+00
1.762327725764989861e+00
3.214657833839337897e+00
3.265714200000550349e+00
2.478159716034913806e+00
2.782731546912310172e+00
2.689016350958558732e+00
6.849073866430627211e-01
7.967830022124824385e-01
1.221816745536759230e+00
2.125932137987364356e+00
1.080301146946244240e+00
2.744608251231753560e+00
1.907521316950803847e+00
2.626423770519953571e+00
4.370890931283268444e+00
1.108475072102110159e+00
1.987192403434778765e+00
5.947746935818033265e+00
2.685749648199510009e+00
1.024967795996353237e+00
2.350522237263118264e+00
7.209955236785273058e+00
7.915163781301874923e-01
8.695153329604714543e-01
2.261962721594562797e+00
7.077876137499912179e-01
1.521416038976213247e+00
1.212904418635625703e+00
3.815880861903163446e+00
2.794192153779749277e-01
3.039374040051106896e+00
8.082697821316470188e-01
3.415107685188031983e+00
1.942412876647160225e+00
4.267693217160302588e+00
1.272026630434675232e+00
2.342338777199947319e+00
1.247873599860945815e+00
1.142378979992779486e+00
1.224165262251940334e+00
1.443054297255458085e+00
1.103467310826311332e+00
2.696312625181249256e+00
4.602337346439931420e-01
7.233461494093996746e-01
2.411364871330670567e+00
1.036045011524798554e+00
1.233869971948922561e+00
1.279075880686783018e+00
2.547522594483890401e+00
6.299013472195410523e-01
2.144935091010331085e+00
3.500625315676943461e-01
3.271685089905144839e+00
1.148921337210284888e+00
4.174812168172119975e+00
1.523950221730512089e+00
2.168546844019274555e+00
8.991331269525438818e-01
1.209840457289636184e+00
7.903526813191185107e-01
1.480038332367623166e+00
2.225446528237298605e+00
3.964529686377815110e-01
1.664639247728272098e+00
2.339821234901165781e+00
1.384851813577095525e+00
3.136581228283571665e+00
2.372090560551392446e+00
4.020705880581503244e+00
2.110429034427905304e+00
2.048391735881486930e+00
7.734797295425517305e-01
6.617565847040797200e-01
8.050458267704740933e-01
1.044067943287539046e+00
1.781021113153780311e+00
6.981008601446608841e-01
9.935769919077712675e-01
2.762129140443385200e+00
1.461061513761652275e+00
7.282113003504416815e-01
3.002112788242993879e+00
2.064821500597899817e+00
6.134981100561501810e-01
2.365694399953972571e+00
3.142960321256099032e+00
6.316718352587150642e-01
3.490563524927873251e-01
3.066718329542100774e-01
3.904041294887372615e+00
3.094974761979558120e-01
4.956963195383108811e+00
2.587504645283557725e+00
1.807570444951246191e+00
6.118748448849764543e-01
2.226580033875274811e+00
5.040364279237526723e+00
1.664595675239358030e+00
2.569696889546825957e+00
2.377691375555962772e+00
3.128914600060833440e+00
4.373366064925864549e+00
9.940845731044439804e-01
2.180442659647407577e+00
1.665469325915986065e+00
1.859619884763556774e+00
1.175370872260642185e+00
3.322953743696281048e+00
1.647818954826839821e+00
1.710206749909402468e+00
1.196931176221354809e+00
1.213364872177176812e+00
1.144406526515488354e+00
2.056380956220368095e+00
1.506007343935115594e+00
1.805579665025914826e+00
1.191941539713112785e+00
2.027195059660893861e+00
3.378897448347396359e+00
3.621482214300637992e+00
1.032045697032213799e-01
1.057326008680121721e+00
3.942097356649655548e+00
1.467496282132874530e+00
1.325513966330585491e+00
1.264246708649567896e+00
9.360500648802722035e-01
7.655179403151529671e-01
1.853424036526350571e+00
1.760216002352280595e+00
1.643885196803267945e+00
3.591001651164260067e-01
2.089630113655484678e+00
8.882595067669273314e-01
1.655151643905240944e+00
1.147378999087806717e+00
1.032722538659299971e+00
2.175163472240376095e+00
1.572030441092446384e+00
2.584431979050992645e+00
4.827110696837372816e-01
2.030015631718534497e+00
1.259234511526647449e+00
5.082390764448734721e+00
1.206946594793052663e+00
2.663148765294484743e+00
5.716640559744329275e-01
8.567432753249456523e-01
3.778729522411303776e+00
9.221747660810108993e-01
1.722434784366388083e+00
9.659856862358682239e-01
2.396900714441153379e+00
1.282983456457961413e+00
2.410350243003374526e+00
1.443316248645353683e+00
3.762893074313248931e+00
7.319452389224079258e-01
1.637556568926143541e+00
2.544508785972165121e+00
9.326780899575141115e-01
8.154808160003074846e+00
3.082584543707369562e+00
5.754141607691732885e-01
3.344484653914124195e+00
2.649320853095765704e-01
1.264985396959163788e+00
1.770112963111676541e+00
1.592905482792889460e+00
4.110646425439496099e+00
2.820554977993498635e+00
5.829104069335777627e-01
4.674871126872422344e+00
2.896321720070428540e+00
1.280007476422665880e+00
1.245367283866940955e+00
2.763347626940160229e+00
4.098454323225880991e+00
2.794927934979248185e+00
1.275253038005123241e+00
3.960169074408455003e-01
5.592187124507299600e+00
1.511940128715668852e+00
1.455599553185140671e+00
9.847998816589926818e-01
6.194710800391761696e-01
1.442783649390052991e+00
3.651005034830200890e-01
8.716798842506181533e-01
1.091957177391494671e+00
4.385166920036451810e-01
3.171829987248785621e+00
2.025783327947301427e+00
8.123360692268827288e-01
6.926099525289780567e-01
3.292240410012101659e+00
1.625426753992706141e-01
2.104851788878366048e-01
7.318249374384339090e-01
1.517144320522856027e-01
3.553841823437547287e+00
5.500070958604051929e-01
2.738136533191239952e+00
6.824386490148124373e-01
1.586819394289964213e+00
1.666328718530942998e+00
4.529232804103753729e+00
2.346162879161890924e+00
2.695471875529981798e+00
1.637330086766141113e+00
4.295888659895453543e+00
4.188112273479401848e-01
2.385743959346453558e+00
3.017245785110274081e-01
3.894959295320543080e-01
4.447868930659272912e+00
1.135148784810975586e+00
2.218425681630153079e+00
5.638554245007878496e-01
8.428322301402731975e-01
5.253964518606306200e+00
1.994814163865297196e+00
5.582956976444115593e-01
2.395467966026554318e+00
6.053754112425032474e+00
5.675514773288757198e+00
3.377530395672527774e+00
6.856513180233350102e-01
9.262447078218518648e-01
1.454506659747276220e+00
8.667486699302484610e-01
4.308966319126030342e+00
3.434358287513823882e+00
3.838115032573519603e+00
1.677591758649538578e+00
3.212357527156646242e+00
1.912201576315990081e+00
3.095408472537196642e-01
2.557650489218623147e+00
1.677335159979945312e+00
1.828587818410284171e+00
1.172820707777165294e+00
3.192548066656672123e+00
7.146296027328962186e-01
1.010040648832877697e+00
5.316597434076179018e-01
7.364178510579479919e-01
1.954161554240062104e+00
3.113464560819782623e+00
2.693277942158665450e+00
8.284413037852876860e-01
1.100241480717744746e+00
4.943940463080859438e+00
1.653941612275936279e+00
1.996845393904392640e+00
2.131687839452535371e+00
1.213197532328036177e+00
2.015898832271858510e+00
4.227633012542215130e-01
1.831323414778402991e+00
2.868402687565288822e+00
1.530198423958367693e+00
1.211553283168034678e+00
3.079200290704743992e+00
6.832702753297587028e-01
5.085263633990020349e-01
2.667596999145092074e+00
2.337603388998849230e+00
2.752909169663715794e+00
2.961770288161869047e+00
1.953425290326586294e+00
1.079020950543297053e+00
2.870983353476468825e+00
1.239158621921703007e+00
1.495511527405741559e+00
7.932990711496670233e-01
1.540797883620556252e+00
2.377310381811910567e+00
2.527044685157714632e+00
1.943260825284969684e+00
2.641577391343774561e+00
3.207943062766543951e-01
1.052432217270210746e+00
1.017813063599666501e+00
2.714584562621031427e+00
2.545671654224443969e-01
7.311532125211653854e-01
1.231907357844438833e+00
2.645778765163502300e+00
3.650854916454199017e+00
1.011069522116337494e+00
9.929717763070143866e-01
1.802442190085772777e+00
1.987957000437479360e+00
6.588424615575649845e-01
3.120042364682644731e+00
5.880247080400636817e-01
4.309057712427197817e-01
4.632520765684137731e-01
8.256590835968353748e-01
2.359163975571525462e+00
2.403646012339451410e+00
1.874006600048007565e+00
3.665048767769303328e-01
8.770159266804874454e-01
3.081141309250682525e+00
4.696922722676950102e+00
9.449765282596013227e-01
2.687557561648664883e+00
1.690939815147094683e+00
1.535531353393800869e+00
2.958887021661346761e+00
5.152069078271260594e+00
1.025705047158199879e+00
2.545953937209266993e+00
4.156032746397878341e+00
2.543226235691070425e+00
3.487624182010392371e+00
5.086693546625970619e+00
8.140045697290833049e-01
7.096596415189451168e-01
4.760526166584656549e-01
1.702491625853912005e+00
5.789619114678905554e+00
8.112790787790647995e-01
6.076617574727662952e-01
1.855594035430640831e+00
4.715195884270919069e-01
3.385749713210674194e+00
2.282645960474950275e+00
3.026991725656671850e+00
1.674869748323658092e+00
7.726065860681786690e-01
5.110154515563742894e-01
1.152726438874591919e+00
2.445023223982801142e+00
3.037660483812878454e+00
2.189873093168068330e+00
1.194156341350069539e+00
8.053521568424629740e-01
2.875923210264005103e+00
2.385976130381494809e+00
8.457459581072042099e-01
2.630280147857948503e+00
3.351554104485820140e+00
1.052653723781769690e+00
1.731050849916804024e+00
1.682065055115622210e+00
1.357174922462951905e+00
1.366167525250106651e+00
3.866381987506054330e+00
1.053495760951121962e+00
2.681149509571408185e+00
2.277792743136544562e+00
1.044540127576506272e+00
2.401083453980069393e+00
8.407995474079318354e-01
1.178675783721856440e+00
1.204186229147972576e+00
4.645240583886824481e+00
2.105932634219204846e+00
4.565726945245468515e-01
2.766051596551205027e-01
3.083032562180638703e+00
3.156059711095744014e+00
5.939207627150940860e-01
3.455076381978953393e+00
1.795564412081795069e+00
1.479848258498176916e+00
4.045973369949816600e+00
2.428888560912101813e+00
9.594447369706610163e-01
1.303041607501670862e+00
4.245585212880373938e+00
1.636725763076224638e+00
9.238001149843094728e-01
3.176535560380573942e-01
5.296350874695909816e+00
7.493140563730618098e-01
9.604405959430518669e-01
1.166532855449005507e-01
5.237098337027508155e-01
2.022694045272108720e+00
3.992462873741179141e+00
1.938824969706793855e+00
1.683982119257563692e+00
2.664126872655224076e+00
9.315550529558900283e-01
1.501056541761490726e+00
1.979504209412114468e+00
4.588828777933326997e+00
2.154121726157800509e+00
4.242862424716719594e-01
5.294251798564882927e-01
1.262884281256973606e+00
2.718618811576972050e+00
1.239344521840704205e+00
2.306893604040377355e+00
1.753088329388615974e-01
2.101771805338406018e+00
5.930682388717164466e-01
1.737258702129640398e+00
1.405022157650917203e+00
1.924440570546086970e+00
1.777752470877802082e+00
2.574155053225136047e+00
1.463935477355272630e+00
1.212275990885388399e+00
3.389550413755787250e+00
4.031454417166118631e+00
1.992535110572831059e+00
2.482833851341217368e+00
7.073643570831262828e-01
3.935857646046088121e+00
2.326815048886650417e-01
1.086883809669300316e+00
1.192534200538526212e+00
1.273459401041905803e+00
1.647314249751171467e+00
1.520929600927118486e+00
5.361615608383055509e+00
2.817395185880649522e-01
2.387645347478265234e-01
1.050978593006748341e+00
3.901727654566170322e+00
2.091300435263790281e+00
1.065354401442547339e+00
1.286867659240948703e+00
7.360990880685227555e-01
3.402327115995338325e+00
1.119413285963551941e+00
3.342460652845186675e-01
5.604830572876895012e+00
1.944054088485699383e+00
2.017595736399043549e+00
8.004759333930575593e+00
1.834903746338166108e+00
1.365775969712243798e+00
1.754412579330442146e+00
4.423549808152518636e+00
2.761965880412952767e+00
7.913800465186042743e-01
4.827554739861859900e+00
1.705264114346186410e+00
3.146196480224985770e+00
8.861646855946401224e-01
1.305639601424813501e+00
2.099958125611003368e+00
1.488338268567586553e+00
2.120255352037629937e+00
5.872862272051646571e-01
3.471893826626145430e+00
4.051803666982532803e+00
2.113577296398066796e+00
1.647206103178315173e+00
2.193804581595296455e+00
1.338025327391638708e+00
1.064486413621468008e+00
7.512534246059350274e+00
1.076970221257404603e+00
3.299532503861644095e+00
3.330157189285406716e+00
3.416420625187075899e+00
5.424902142440143349e-01
1.422380809120705969e+00
1.093679493385807167e+00
3.668482231554512030e+00
1.768906114049832778e+00
1.668203007399134075e+00
3.120311299522045001e-01
1.114729035986481209e+00
3.515865034575521797e+00
3.909701003044564249e+00
9.897355689888477359e-01
1.989711209627548660e+00
5.914268420903788792e-01
1.627331616881103393e+00
4.293064263056546315e-01
2.560457492850159777e+00
1.814034992983609706e+00
2.869663561065654012e+00
8.696785926216169527e-01
3.660073537233247132e-01
7.215482717508932275e-02
1.005441093010983611e+00
2.671281006683923653e+00
2.283618306346776539e+00
1.279201278267249497e+00
1.212266676097428553e+00
1.501427620441895039e+00
5.035895828651800521e+00
1.589072340062619659e+00
2.132220636701509964e+00
2.470406909239112991e+00
3.542723066118744324e+00
1.092704565993574128e+00
2.152732719903400760e+00
4.114905820667507541e+00
1.555028818269508673e+00
1.255402429689705945e+00
1.487492215326154943e+00
9.937226950886635102e-01
3.801893540989834452e+00
1.976549018892249876e+00
2.511487730916574623e+00
2.324019360472409090e+00
8.131519252873469217e-01
1.256027017460201511e+00
1.762441669304795733e+00
1.603015686416330576e-01
2.023296700023442252e-01
1.592263455613669887e+00
1.917538488751963532e+00
5.546185422653485908e+00
1.209625851130043728e+00
1.910331553381605874e+00
1.826766893505001599e-01
5.143279513811761516e-01
1.209475739449628717e+00
1.138992561555835836e+00
1.187135143851860475e+00
2.685055276559974669e+00
3.342670881394683935e+00
1.406238958443686737e+00
8.964637881450485679e-01
3.039909104977662313e+00
4.824750459657611401e+00
7.277361970698800420e+00
4.089216458632939921e-01
6.386170321201078970e-01
3.136221974013859715e+00
3.192214754774965524e+00
2.255291856476740797e+00
3.877185399112194730e+00
4.401124472778454866e+00
6.065044329297916148e-01
1.540947510033881640e+00
1.757259409249569693e+00
2.165988314116742419e+00
3.027345162970258130e+00
1.366453804785724646e+00
1.391785720856870467e+00
3.581505262582016957e+00
2.846478745376304520e+00
2.656824835298511989e+00
9.691463804254698555e-01
4.254704651561829754e-01
8.654359230372222767e-01
4.862292299341476998e+00
5.963689706458572992e+00
1.653207457977157402e+00
2.470527866038452647e+00
1.866632207409142152e+00
1.362841689365370534e-01
3.814617321594190535e+00
8.161251741631707635e-01
2.175098622590410979e+00
2.585252285862268407e-01
5.173209147491513171e-01
4.936794795385694989e+00
2.951566256830406854e+00
3.502582916907189148e+00
1.989564836738908049e+00
9.929741884172780253e-01
2.245592737038278663e+00
3.694830696004588244e+00
7.862730299736202522e-01
7.591214530929953908e-01
4.219764507185446156e+00
2.023559855360594018e+00
9.533907931966434379e-01
4.722200373532952078e+00
3.042164087558057783e+00
8.444027137909810854e-01
1.223964365059057702e+00
3.893456591361454389e-01
1.593246491664172426e+00
2.918739397705135907e+00
3.210841552499133833e+00
4.163821890094929756e+00
1.365487738921169480e+00
2.668643186035386083e+00
1.719863457454313460e+00
9.442162666998914489e-01
8.872706354651095362e-01
5.174143757348589112e+00
2.575837262666182070e+00
1.130894331410142062e+00
2.800048551530461172e+00
4.563293775914409878e+00
2.969708859727173245e+00
2.167039898215424643e+00
2.209717093947956901e+00
2.119392937319438452e+00
9.999965094898906059e-01
2.523270885989964185e+00
1.811704955455192501e+00
5.016483494180076441e+00
2.358857813302669637e+00
2.505962204484643241e+00
1.038459531283854043e+00
1.132691948821866745e+00
3.258245176836535251e+00
1.904094521097222881e+00
1.267467559470325300e+00
2.318444590726972176e+00
2.676558083994412751e+00
5.648389916547473355e+00
2.557262428691581491e+00
5.259891681172635280e+00
2.584338100408530625e+00
3.112039907581777509e+00
7.588655500993277681e-01
1.124755851928400885e+00
2.545230826609729657e+00
2.035422082171036262e+00
3.612884676153460539e+00
3.506309574941302021e-01
1.135716439858520665e+00
1.202333943606359812e+00
4.357013203736032070e-01
1.465898787425663485e+00
3.367784160427660378e-01
2.473273922790120150e+00
8.262884730411296230e-01
5.159050409122123426e-01
1.512653342760635011e+00
1.744701392799028250e+00
5.319260434819552685e-01
2.338376571902969658e+00
1.400272971278556211e+00
1.566340595752248266e+00
2.648972365096867065e+00
4.515337217340152920e-01
1.090403780945731871e+00
2.052081210924463051e+00
1.928853646792001442e-01
2.493184989963118880e+00
1.121458744083452697e+00
3.537650271624301013e+00
7.726191691369431735e-01
3.725595989448589940e+00
2.478143399796840729e+00
1.723029260095556570e-01
1.700583938378260829e+00
2.805302117582641586e+00
5.303871419162033085e+00
1.373901107912211206e+00
3.876892303568435061e+00
1.471886045605278914e+00
2.044421600283153229e+00
1.021059986425719712e+00
8.742693428792908117e-01
1.521712649688495567e-01
9.335740606730017488e-01
1.656035882108887858e+00
2.168318499231132179e+00
3.370043599462238415e+00
4.743905882546551211e+00
2.072756013286059407e+00
1.722602535641360344e+00
3.985463468260367570e+00
9.562818339766191444e-01
2.539788362054561599e+00
2.249556650908394406e+00
1.427889508961280418e+00
4.383465612222312124e+00
1.151601550692129550e+00
1.161878774484084387e+00
1.694503490044850791e+00
2.983784822997680219e+00
9.170154647571852058e-01
3.971007317942158998e-01
4.170660451856801565e+00
5.173597104888434384e-01
9.837769345293417844e-01
1.288337058124324530e+00
2.898844119188531909e+00
4.568018581637727671e+00
1.697297549658838278e+00
5.305512041306658100e-01
1.552188099731385273e+00
2.569573873247942508e+00
3.009365932390419385e+00
7.254095080474206592e-01
2.240244782290753189e+00
6.049641264770195814e-01
2.387198866336765590e+00
4.497914337032298260e-01
3.749850905629093401e+00
5.087526735184056959e-01
1.966093998746124338e+00
1.275242496801842762e+00
4.807929643924560459e+00
1.425774217804174571e+00
2.490632779453774148e+00
1.593735238303997548e+00
2.396655847005333850e+00
1.939518183264978823e+00
7.286435862561457810e-01
1.348151772674320181e+00
1.595139680203176313e+00
2.717214693120352464e+00
1.836524780330136997e+00
8.888726895398368910e-01
1.880327138673435261e+00
3.050010600611840150e+00
3.019960554268725783e+00
3.459325806934083314e+00
4.611062895343168155e-01
3.726115072497449887e+00
3.846337141096103807e+00
5.272768299746991794e+00
4.095592315681616524e-01
1.515339132991758264e+00
1.112597178342372706e+00
1.257183646716164782e+00
1.654072535896440099e+00
2.134083367707634515e+00
2.370664845427231882e+00
3.334391826226211553e+00
4.346146885723490283e-01
3.311589718032244445e+00
1.736896961396681149e+00
2.072617663057018333e+00
8.756145943474538118e-01
4.123543792088885773e+00
2.600286735113270797e+00
2.204454081698218992e+00
2.260803631483051745e+00
1.116313092236647098e+00
1.501092740367868883e+00
7.903004083280439351e-01
1.339954111920329316e+00
2.870089737474966540e+00
1.063124777351848849e+00
1.121183153513165554e+00
2.234872472446725045e+00
1.011310913537545320e+00
3.321402370952737382e+00
5.685752643762072012e-01
1.364507747596050979e+00
3.012126803079967496e-01
1.716765752079338903e+00
1.231567772692790053e+00
1.232107402748987335e+00
3.415209290104171735e+00
1.929254709951135238e+00
8.837663869555980156e+00
8.945927531255930543e-01
6.087044143239084271e-01
2.989155117626043356e+00
2.241441655402568678e+00
3.026050619845801037e+00
3.726723856580528293e-01
1.835728846365306532e+00
2.037412424702040425e+00
2.912771559949518974e+00
1.274659973612721986e+00
4.291490012493790474e+00
1.751173659536045646e+00
5.930984496594803979e+00
2.429691559729927786e+00
1.644673895925663487e+00
1.353267809933334842e+00
1.647825424113428694e+00
2.262978274563032688e+00
2.433072210428677717e+00
2.355403541893554831e+00
2.757568706495921784e+00
3.016961603868426600e+00
3.147167522228098591e+00
1.807498123572111925e+00
7.076122969575203703e-01
4.068305603660594016e+00
1.083475336543056722e+00
1.372668010803200334e+00
3.697473654203793370e+00
8.727641868707174400e-01
8.596853973772500268e-01
3.291132759590321033e+00
4.091923562714218754e+00
1.678659471328702191e+00
1.086072165001697121e+00
3.182667960728365664e+00
5.296479953460753176e-01
8.064000358122539458e-01
9.060060554068819494e-01
7.775098004620568659e-01
5.650863583823710456e+00
2.844673283655175577e+00
9.114068571461385604e-01
1.191983448739261320e+00
8.671470084826937708e-01
1.225670456373729511e+00
4.640495658428337999e-01
1.873454683921072395e+00
2.021157179444330154e+00
1.972008359769322539e+00
4.632911035839278324e-01
2.697891568998915357e+00
1.654517951062119741e+00
2.533754351564170282e+00
1.168083014347471194e+00
6.360427871432245084e+00
8.337458641538249005e-01
1.607443689644346918e+00
1.344166746191249651e+00
1.153362996546960062e+00
6.403559242797709494e-01
7.067499160928559787e-01
1.638802475558145844e+00
1.783657282997220817e+00
7.073066328662296343e-01
9.281511317928026195e-01
2.821607022397640829e+00
5.818709976637582493e+00
1.337282037945918711e+00
5.511019562909266201e-01
2.760486041409986324e+00
8.052230654049100655e-01
9.365222456905339943e-01
3.650391787470555816e+00
2.748048437806231536e+00
1.090699509537636391e+00
3.779911700591985557e+00
8.073260381048933398e-01
1.604188131816507656e+00
6.924929402921807808e-01
2.130090928949739393e+00
1.488343677730590064e+00
2.742010064327012331e-01
1.833749889263475374e+00
1.810133295881729998e+00
2.883190001667119140e-01
2.752688333111486418e+00
1.560445570413412808e+00
2.182834883016692817e+00
9.196493841267778802e-01
2.882921435173486646e+00
7.427627082997090291e-01
2.414704970636652348e+00
1.256906107764313552e+00
2.963155139964400053e+00
9.518949105892934304e-01
4.855803349091171839e+00
1.001852815822325660e+00
1.222738375741863726e+00
3.623212506242912134e+00
1.067660716223321371e+00
2.492966437033201199e+00
6.953220662797058971e+00
4.627805242298437260e-01
1.220341110790710504e+00
8.214731061903520759e-01
3.909045210370872825e-01
1.946383614140317464e+00
1.437076975190803685e+00
1.642156404224289767e+00
2.996586038007240660e+00
3.115247632821759982e+00
1.164801818053427945e-01
1.421650896740182191e+00
4.277530595123295143e+00
2.261148995690837271e+00
6.665910498362915826e-01
2.730889569171493392e+00
1.766554461266939047e+00
1.178275912866163289e+00
6.258763233475845844e-01
3.933453874147540663e+00
2.626133381707478787e+00
1.842505794505226779e+00
1.409931374306135909e+00
3.145877454477845614e+00
2.012265490197220785e+00
5.408950570162442517e+00
2.071872133692718165e+00
2.396541341819546478e+00
7.067935686670281381e-01
5.007117117368808046e+00
1.068848749756527994e+00
1.083192033421755074e+00
2.356857986564875773e+00
1.967661577690234642e+00
1.340145028578443975e+00
1.582023231432147625e+00
2.845777813542889945e+00
5.398686455613158630e-01
3.384221043981961330e+00
3.161918268370689233e+00
1.572952776050443591e+00
5.967822528475477117e-01
1.715516386588079367e+00
1.384413971892309858e+00
5.806347803189098933e+00
4.123019997083458010e-01
2.116298445160964103e+00
4.600947765173526438e-01
1.489309154803467594e+00
1.993018660667670305e+00
5.257513951879175806e-01
2.465786822409453460e+00
1.387571699340934606e+00
2.690099924302622902e+00
7.613001761056156225e-01
9.814186034466374497e-01
4.490122788569745893e+00
5.115571067769933755e+00
2.328210755341964866e+00
1.846782929442344789e+00
2.561603392200948903e+00
2.972862928702717511e+00
1.418024782414461393e+00
1.045402862043051107e+00
1.770709473654882959e+00
1.081278161923462378e+00
1.351641602603639025e-01
1.472662441585969706e+00
2.550368929009165786e+00
1.481337388869416793e+00
6.649139756911268684e+00
2.482630290660006622e+00
4.462507899855142846e+00
8.146036573213647491e-01
1.384261506489322002e+00
1.477225815298045974e+00
4.612671740655341912e-01
1.767400218980550441e-01
6.471126937233995235e-01
3.273692306123713092e+00
1.049925081382594882e+00
1.367480277219046858e+00
1.997135732542676179e+00
1.917819435147324780e+00
1.081448894593271648e+00
1.511604725523824966e+00
1.020196550804097768e+00
3.950042019155307838e+00
3.409511616148726554e-01
2.787361817935383623e+00
3.240026136142003299e+00
1.579469808487489635e+00
4.557023148044490046e-01
3.462116046329171692e-01
1.142978139161898499e+00
7.075042723624510588e-01
2.749042447205038542e+00
9.548973963335869453e-01
2.156736097443462619e+00
1.326147913092720954e+00
2.255253544697948698e+00
3.908680782207647031e+00
1.396612171461178775e+00
3.058440173399966877e+00
1.383661571440043092e+00
1.323285688649022962e+00
4.793463942595809768e-01
6.565847928453433902e+00
2.421272511471495470e+00
9.749026028168600311e-01
1.425547566073340766e+00
1.883408866167891382e+00
4.876034968790967206e+00
1.868303065760478665e+00
2.689183828808719312e+00
6.931770937730887816e+00
2.803276370166373876e+00
4.962038136453220671e-01
2.574919844166648542e+00
2.430287345583315162e+00
2.419933681882699084e+00
1.031261663148901775e+00
2.242092176584272512e+00
2.784274899671859149e+00
7.135059654561582976e-01
3.649071897442306422e-01
1.694852119603229346e+00
1.518342245872775553e+00
8.922390505783295289e-01
1.444359533816316432e+00
1.190192324605837015e+00
3.766436620975426863e-01
1.809927583338749368e+00
5.565583476583677580e-01
3.967448460949734024e+00
2.272047205962820282e+00
2.607034815409405404e+00
2.477873029324697107e+00
1.074692239294688267e+00
8.517948886118028584e-01
1.918826587830080532e+00
1.190409192092530821e+00
1.097761984102989974e+00
3.231036251596229203e+00
5.317271125674177812e-01
2.730002641892823156e+00
2.304163497432841101e+00
1.698570779494398553e-01
4.762671018057951677e+00
5.501204548242610848e-01
1.996252014576732625e+00
5.206541435747663593e-01
7.799673247419425248e-01
1.888330057951554730e+00
2.088139468813651423e+00
1.144398188041761744e+00
2.283096265294256355e+00
2.190864062796008760e+00
2.489760106303070319e+00
3.507813311561612579e+00
1.953874195015745663e+00
9.702791368723523435e-01
3.373649517067372816e+00
4.412602596807842836e+00
2.028868604637665829e+00
3.147679790023545365e-01
1.755618014838283170e+00
2.689926467316200220e+00
2.251510054286402607e+00
2.107194137872013151e+00
2.069970232789108078e+00
2.361218699337562121e+00
2.409633228352146439e+00
3.770821579883090635e+00
3.673614531308187492e-01
1.192277398932763077e+00
2.919931680009352881e+00
4.511944798425815861e+00
2.123250971322519387e+00
4.072009955915748547e-01
7.226788887054506061e-01
1.582770611890384815e+00
5.846357865702804801e-01
1.322006146921091752e+00
2.158986158022460078e+00
4.837859771305550893e+00
6.624659801379874091e-01
1.998952971230456788e+00
6.509667072981184521e-01
2.230006738303592861e+00
1.829603807406175120e+00
1.987107547971049826e+00
1.724749052849872344e+00
3.961809584900603198e+00
6.184402325698779013e-01
1.931994705366161247e+00
3.002152178577715436e+00
4.638156270437244766e-01
3.133591669145847636e+00
4.423558367034819305e+00
5.372947418446337942e+00
3.393006380300477853e-01
2.115725795856112423e+00
1.671196905989327242e+00
2.508957284171334234e-01
2.818577623255394737e+00
1.459375284105906889e+00
3.545692683859604788e-01
1.273288923253063309e+00
3.714260278427229389e-01
1.988716231608792517e+00
1.878158535152507858e+00
3.009796388211555929e+00
4.741186905764237736e+00
8.480132798236160729e-01
7.345716486159821201e-01
2.962325739210707187e+00
2.167823039981925159e+00
6.229330574108398189e-01
1.255271270780653925e+00
1.806426537096477825e+00
2.744445037155944789e+00
3.894891788211524708e-01
1.889274165505015812e+00
4.373488413742437686e+00
3.214096730304475402e-01
2.151508742287930875e+00
3.416590685911546466e+00
7.380058190156125741e-01
1.758055964697931906e+00
5.984511912982732440e+00
6.496746114869729194e-01
4.493297160440949956e-01
2.332150928058521977e+00
1.363417918203853496e+00
7.365522376979919406e-01
2.069626028953754471e+00
1.275539983104842179e+00
7.719709143298864040e-01
1.804737318433608184e+00
4.033576456470620575e-01
3.287462015450504538e+00
3.670023860755191603e+00
1.422779418793646444e+00
7.720536862741729234e-01
2.336957640042157003e+00
3.148123086773842783e+00
4.299050818945138741e-01
1.444428835872146433e+00
1.914765654502451175e+00
2.324470235233783377e+00
7.249058136046866441e-01
4.336094117636494438e+00
1.191142358540075552e+00
1.414733730583429994e+00
1.948655837164932514e+00
1.824417953843330054e+00
2.141943880617836360e+00
2.987707797880349236e+00
2.415582515708724731e+00
2.439033621877094049e+00
6.333649460272738896e-01
2.022917435474568482e+00
1.237074554870012527e-01
2.141357737342469481e+00
4.457803147001992983e+00
5.551178655024859854e-01
1.440176708249070403e+00
7.845394166372879896e-01
2.105564589398105646e+00
2.905209642575171003e+00
4.061753065971806187e+00
9.243786162963316677e-01
1.171085111693281666e+00
1.454895856626452266e+00
5.008907933003960977e-01
8.120832863989593253e-01
2.675699123322601736e+00
2.546389096257255513e+00
2.041180278239669854e-01
1.623199097741307551e+00
2.554571779461787706e+00
3.251837829112396161e-01
9.285160758261624681e-01
3.507859314837293407e+00
1.029289980077295885e+00
1.145791956154746494e+00
5.925123237211912475e+00
1.211021931604025159e+00
2.428928714930844279e+00
6.883577603407812218e-01
1.958065416423711458e+00
1.148724925276317421e+00
2.532104292148647406e+00
9.243761788549725855e-01
3.947608080446775247e+00
4.234389774578307453e+00
4.606313630631431622e+00
4.167343492226078250e-01
9.466100194147357705e-01
3.419135986612968914e+00
3.636137743642977149e+00
2.422000247111279592e+00
1.161519276114645782e+00
1.732835508629376076e+00
3.228225641793807554e+00
4.569591172530102163e+00
2.786290388176590138e+00
1.224580254517243283e+00
2.753402780153512364e+00
1.050790945070347870e+00
3.636376954546294282e-01
3.454804096313297546e+00
3.091344220447650670e+00
2.649407702400456976e+00
1.674960718801434600e+00
2.481455095363224839e+00
2.340690429648063287e+00
3.616341821768153775e+00
1.497680370250415782e+00
4.866532259682675665e+00
9.338056108926519050e-01
1.209893378154589305e+00
5.992008316416478353e-01
5.569591236772732934e+00
1.165018051601585336e+00
3.510393123083398681e+00
7.292780523420484551e-01
4.280693116602656834e-01
1.424724623533909718e+00
8.683162644458793933e-01
1.430299153800477896e+00
2.650176188741753869e+00
2.129224740723573817e+00
3.934021516987686873e+00
8.263264176438430697e-01
8.160527432756292665e-02
2.506182472659775229e+00
4.319310937969034203e-01
1.377960902024723655e+00
1.139531002313247221e+00
2.483501751087328735e+00
6.860804768384468844e+00
7.862759831214566342e-01
3.006993011909511182e+00
2.281387901439685173e+00
3.297234366369558245e+00
1.706836209173006269e+00
6.100426283259156257e+00
1.913815788050450051e+00
5.644583574773420764e-01
1.213874061267394139e-01
3.005449054299780265e+00
4.196586321718259044e-02
8.998337384759149682e-01
1.767245454740059118e+00
1.345955599145538972e+00
1.578076448202190285e+00
4.380995663419097852e+00
1.130041698323722921e+00
2.923107667749703875e+00
6.073963064417813307e-01
8.684200430830535389e-01
4.782375773449973333e-01
3.362135208496595862e+00
1.682023534911677998e-01
5.107234546791982410e+00
3.374903303684685163e+00
9.578972268768011222e-01
1.740802740350680722e+00
7.473336382486731599e-01
3.173276552891704849e+00
6.717744872922387644e-01
1.294891353236668596e+00
1.066221002859566225e+00
1.081939765049068525e+00
1.353945053623570649e+00
2.482745666591027689e+00
1.334788899661235817e+00
1.954990031680244433e+00
5.116993229620729444e+00
2.087206447593953573e+00
1.128874918356718604e+00
1.265881987046325596e+00
3.023217439254257677e+00
8.072560898255251027e-01
2.310158501065765257e+00
1.340194434460232786e+00
1.669471134360723141e+00
5.846821228901181167e-01
2.137427137776084507e+00
1.084123515809269245e+00
9.597280310758778965e-01
6.383229505163714457e-01
3.763788857355438111e+00
6.396340446207177122e-01
7.270701170304131322e-01
2.664997788731058304e+00
1.817011071394307509e+00
7.206156130556082839e-01
1.333081897536047444e+00
4.923852252241807115e+00
3.313169996392643757e+00
1.558455339315372168e+00
3.976928032502976329e+00
4.660519586184614482e+00
1.233631207179589406e+00
2.786224139777120801e+00
1.491660698495270720e+00
3.265227582691538011e+00
2.783041425623394627e+00
1.367578167292689439e+00
2.263328296687754371e+00
1.319251060991939006e+00
2.664565591063731809e+00
1.027525610452511007e+00
8.835977180208434145e-01
4.646186456825421196e+00
4.034241917904500596e+00
9.709719053868354210e-01
7.822481013344574352e-01
5.436183005714732452e+00
3.092076482098172985e+00
2.688771032178743248e+00
2.865839330105889537e+00
1.187488175793416589e+00
3.818296823073368707e+00
3.111724360049764382e+00
1.680078520324318037e+00
3.328811250250308440e+00
3.367582591910871948e+00
6.929808363904680357e-01
2.187062444772076564e+00
3.325995527208059355e-01
3.587391792015762526e+00
4.905349477274763004e+00
1.760688291612054979e+00
2.487719275027020505e+00
1.823199227585486693e+00
6.493513089140087180e-01
6.054647706047769695e+00
2.684960405991144938e+00
2.317241053210744361e+00
1.616233302732352106e+00
1.748347451848832668e+00
7.911463469644021140e-01
2.259454923320248110e+00
1.778532258872229210e+00
4.021190590326380487e+00
2.454672165225459946e+00
1.235581450440457196e+00
1.860087210067378871e+00
5.946562455719422990e-01
1.964269678297793531e+00
1.371189305937821068e+00
2.967499451068476457e+00
1.663121567892805519e+00
1.939931595416167553e+00
3.724511282713914850e-01
3.418880473342742476e-01
9.662788012969522056e-01
1.625727961165683633e+00
1.129193679084256274e+00
1.260537141996590504e+00
6.547592153103376056e+00
2.063525339998848462e+00
2.264955492009057547e+00
2.552391760124765874e+00
3.787644174435062183e+00
4.084531900843805907e+00
9.515553622040725523e-01
1.812913453522208895e+00
1.928175623445184117e-01
1.931809931707161532e+00
4.771426696775761478e+00
2.077929923352496377e+00
3.578474747948953816e+00
1.942421767445141167e+00
8.775286620100550827e-01
2.218056929446072356e+00
2.633365266987865549e+00
1.923744446400637020e+00
1.543524571434718107e+00
7.959460502612945021e-01
2.612485470173645297e+00
1.968009948283252764e-01
3.239204440426886933e+00
1.896815121055491105e+00
2.927286934573491095e+00
2.848930058077454142e+00
1.352877286035645721e+00
1.196708798620230274e+00
3.860922400386994191e+00
2.465178824302967087e+00
9.442710622588070812e-01
2.347321934719724723e+00
1.337737413175041690e+00
3.367095901938147229e+00
8.166041034825680667e-01
1.316322581294183669e+00
2.530525507973628407e+00
1.156918683430322892e+00
1.143923011035252291e+00
2.104151500525108798e+00
2.055622441124830502e+00
2.606198024425415927e+00
1.284702723766699972e-01
2.809359657950828981e-01
1.437143662545685929e+00
2.680663893408072873e+00
3.487993154321940903e+00
1.356051222577746129e+00
4.754695654217677148e-01
4.208232248121229202e-01
3.376918679302578497e+00
1.719858682056741195e+00
1.767147485330526013e+00
3.420196886909428802e+00
6.383070221300607416e-01
1.558550659227211588e+00
1.239024526206437438e+00
5.706301940010623852e+00
3.997345454193248937e+00
5.258608347672528716e+00
2.552353409055135636e+00
3.077129650219532220e-01
6.611671674472128224e-01
1.363891025771657661e+00
1.822307176253328276e-01
1.442389548454559023e+00
1.347235148704993390e+00
1.181613448945111555e+00
4.713672055599870347e+00
1.066822679048953448e+00
1.973874822431336051e+00
1.515596522008848090e+00
1.932396345430787754e+00
1.438472363197345505e+00
1.089521644905831810e+00
6.485445972543286253e+00
1.896035255524622709e+00
3.268705890645183576e+00
7.264055614870983391e-01
1.527589234878432567e-01
2.352310230775823019e+00
9.881287122475943541e-01
1.385633551789713813e+00
3.507060006768099036e+00
9.891721569366348499e-01
1.913415585228644966e+00
1.334447410684588720e+00
1.287588135780850074e+00
2.637697089471185752e+00
1.986387963161583059e+00
9.292176339239778260e-01
8.887047206343645644e-01
1.798659440214588123e+00
2.099479252455548561e+00
1.887124815574910519e+00
2.589848567362426746e+00
1.590381734037136896e+00
1.068290634999899291e+00
9.524522588616373131e-01
5.655276635604130853e+00
1.848951366802836782e+00
2.460461587554848784e+00
1.288302410111831442e+00
1.576278646045535803e+00
1.245241743311286120e+00
1.448803194140731998e+00
1.014926510370373292e+00
1.933629668959455650e+00
4.237971099416578125e-01
8.705404239553915513e-01
3.489566417086189976e+00
7.254332345215818156e-01
8.188769826959949594e-01
1.733969270106272331e+00
9.271797478054452091e-01
2.526122526784750022e+00
1.357136645663348684e+00
2.968206111873948672e+00
1.120710533107362794e+00
2.808464049685922337e+00
1.325050098947683441e+00
4.305084375634571359e-01
1.410331277459731636e+00
2.561528142010497611e+00
1.152022497435952308e+00
2.436260995129541307e+00
2.312913296151136056e+00
6.989561734311654506e-01
9.761693019277227767e-01
2.105193523360079144e+00
2.284445637065577017e+00
9.794636977308688319e-01
7.571605444308966426e-01
9.742093997683549667e-01
4.248995536153035602e+00
5.724347652713146495e-01
2.484825922385431429e+00
3.103286122685069870e+00
1.616243121255329651e+00
2.153545962166808270e+00
1.169382048763585980e+00
2.372375933128548553e+00
4.976547154851369559e-01
1.803126629606013775e+00
2.396348304900091097e+00
1.930899714728527838e+00
3.273463985997033809e-01
9.593997016492936680e-01
2.093138528661664832e+00
5.678571039541195908e-01
2.230065719301709493e+00
9.395067435836229608e-01
2.354983832000435429e-01
3.281064291710870329e+00
4.380954492124208288e-01
2.167135079102976647e+00
6.409385546457303739e+00
3.358443059449583434e-01
2.626978876901283844e+00
1.432011601310265503e+00
2.221257709663972513e+00
4.475006904317927470e-01
1.582876809560091580e+00
2.346564852868561424e+00
1.096147025425401766e+00
3.544313376566772256e-01
3.990995514508480113e+00
4.696886367096508308e-01
9.662015422321384994e-01
3.393567484936517165e+00
7.929354214202425366e-01
3.182399714194039664e+00
3.479408381259851968e+00
1.727146268819377051e+00
1.953863852863959805e+00
7.344397864495907369e-01
2.884489861388507048e+00
2.089698251287358310e+00
1.178322398495057266e+00
2.376167489513066333e-01
2.072492367284619164e+00
8.193670150498246763e-01
6.889526622151193047e-01
4.818954248336526192e+00
5.766520779526533858e-01
2.081269673747193405e+00
2.898610679441360638e+00
3.412046428450147495e+00
1.242231226090093621e+00
1.949700344046726874e+00
7.435258387161084448e-01
3.864432499615885863e+00
2.644835994813816260e+00
6.849369107527710776e-01
6.899114651299375067e-01
2.563747466000075637e+00
1.513247496736422004e+00
1.135993673813467275e+00
1.058683702627186252e+00
3.810509617481991906e+00
3.842763554623797706e+00
1.698214426587738579e+00
1.107075668105830468e+00
4.974517560805060135e-01
1.483280062834437141e+00
6.846050896813402620e-01
5.002790502587461940e-01
3.012061820079828589e+00
1.846717096746365527e+00
2.207654107871333871e+00
1.687310114413020035e+00
3.289268372646153793e+00
2.333419820501181352e+00
5.988236178581408886e+00
2.917353969471608632e+00
3.954450689534944274e+00
1.427145882884439887e+00
2.846385984322045815e+00
7.758568477129602625e-01
8.996639278479751090e-01
4.098312520028374983e+00
1.022058411159703972e+00
1.318368900526283971e+00
2.965660915231662198e+00
1.451857616019718522e+00
2.470332913987256518e-01
3.292971772778783279e+00
1.011477701446216404e+00
4.021479080949274199e+00
7.285859427972295466e-01
6.385183876779908507e-01
1.040120715317447653e+00
5.215962875194065651e-01
2.252865351702612262e+00
6.221107234065963887e+00
3.885178659780305632e-01
2.114112441133477738e+00
3.482974873517505454e+00
2.508639292151507050e+00
2.150445701288203448e+00
1.914700347286012683e+00
3.043287038388177379e+00
2.104655310209021746e+00
2.048056422426645984e+00
6.105437404773877974e-01
3.390704720354994262e+00
2.568119638191226795e+00
7.262748023212581838e-01
3.465276751734088112e+00
5.989131681642934080e-01
2.010431825561979302e+00
1.218710505739089844e-01
1.473269481439309248e+00
3.107963586651426802e+00
1.004955764918587402e+00
1.399351268741214183e+00
2.262633274289441498e+00
8.481337060987818033e-01
7.178318026194138390e+00
1.897572080805014716e+00
1.653279709077360105e+00
1.551895625290966363e+00
1.058600060267286702e+00
4.734235506620936285e+00
1.734714157621224606e+00
5.548005643242192031e-01
2.527342671776624528e+00
1.504076877963816505e+00
1.439535754151217928e+00
5.956674607920853681e+00
1.937928090741300791e+00
7.644343317268259552e-01
2.769696776138657945e+00
2.105969933092627144e+00
1.117492672094094752e+00
1.330069415862799920e+00
8.074157750204167261e-01
1.395655968331943164e+00
3.742002897151164298e+00
1.075723821892035525e+00
2.932121098726850228e+00
3.119793435750326083e+00
1.979408584673585603e+00
2.785810362991943734e+00
4.629714651891630339e+00
1.688614205888515407e+00
5.906272228410525127e-01
2.952627528641373011e+00
3.413352717098649514e+00
3.184764017713266337e-01
2.051350218321226215e+00
4.370825558602732031e+00
1.713848076869948778e-01
2.381418218357372218e+00
1.801544013969680780e+00
4.294218443161824106e-01
2.638181206974161697e+00
2.179988541483365072e+00
1.947775655684347962e+00
1.723482927354641259e+00
1.037828022129032801e+00
5.727237146927120826e+00
2.492133158729183506e+00
1.726772778714488865e+00
3.683359154400528634e+00
5.119856065018637548e-01
