-1.368777959553654000e+00
-7.883340419156447121e-01
1.741721293692348183e-01
-7.628935497382162145e-01
3.583060695151706887e-01
-1.742225499438261549e+00
6.645594064157037129e-02
1.183198692715348832e+00
4.281701788508441298e-01
-9.209901704374182652e-01
-2.628301667425064769e-01
-1.063852894014763351e+00
4.590062775192990663e-01
-2.315794832897868638e-01
7.011223072043522020e-01
-9.709829740310877977e-01
-3.464389857481395274e-01
-3.434109427764518996e-01
-1.144886986837980514e+00
2.245951022130138863e+00
6.076901733656603355e-01
-3.958538429763686639e-01
3.511711891447432676e-01
-7.933833159847883953e-01
6.793401315141701646e-01
-1.181922183705695906e+00
1.053807281799764850e-01
4.127218903946981710e-03
-1.981832160532676079e+00
-6.870314986397094703e-01
-7.430796539875095252e-01
-9.498037170090708470e-01
-1.041904707686532428e+00
6.694969801001772192e-01
-4.851881099764593364e-01
1.471300694112541718e+00
-1.650791319730581908e+00
1.428235757302144471e+00
1.138584103227418577e-03
-1.515543842829333965e+00
-6.813106072993462270e-01
-1.305814754811977230e-01
-6.933937500471233362e-01
-9.765935732890246301e-01
-1.068972997953605980e-01
8.930265123903741165e-01
1.686107941879983196e-01
6.018083311807014280e-01
3.717749738647903035e-01
4.675871738032104097e-01
9.469986816194474466e-01
-1.644294705947903390e+00
-2.358663540377210932e+00
2.653875712192047542e-01
-1.411310591509175039e-01
-3.966196370520131409e-01
9.049521596155563063e-01
1.124548211131205289e+00
-9.391576164224557655e-01
1.192541387935429853e+00
-2.051168160113616967e-01
1.337070427184009036e+00
-1.387177953093271743e+00
1.776411224267011590e-01
1.754791647153701173e-01
8.207914216013958986e-02
-5.270041433105726592e-01
-5.155050686469091481e-01
1.215076893429648974e+00
-1.322585699622985222e+00
-4.416267576945261952e-01
1.190761648771370140e+00
4.818030265579433674e-02
-8.767137404401249556e-01
-1.613472360030850483e+00
1.546657505506949359e+00
-4.280702396959931710e-01
-1.321230130918439605e-01
8.880460478225902232e-01
8.994572238654605645e-01
1.540374497640690787e-01
2.240367226458167271e-01
1.879827048133479561e+00
1.148371075192150315e+00
3.671298545591367146e-01
1.196798212492560021e+00
1.542788391425179206e+00
1.088759539670857146e+00
1.256132512582447180e+00
-4.028556645926635316e-01
-1.721023856334257252e+00
-5.683574858387541173e-01
-1.522337631088402921e+00
-9.466031452716822114e-01
-9.108957349460050645e-01
-1.679645460102696441e+00
-2.673354955718011336e-02
-6.216874887172216813e-01
-1.458251455627582516e+00
6.191795713058859674e-01
-1.049560136102990038e+00
7.181834576745793619e-01
1.654385927705275039e+00
2.934142047465123082e-01
-1.953746023498362239e-01
-1.426085919748321995e+00
1.172138049704657847e+00
-1.286334305982646198e+00
-9.789816197251244301e-01
3.574254650816340306e-01
-2.358386355003070367e-01
1.148653744316470826e+00
-1.615158981185547349e+00
4.506520030715034930e-01
-2.304737267449628313e-01
1.556010473187623699e-01
1.751336468465915841e+00
-2.014531222090301110e+00
-1.233648878012361561e+00
-4.829912816225476746e-01
9.732749360243423409e-01
7.055532416648738758e-01
7.773006988817735552e-01
-8.672406200296478573e-01
2.043507857577108844e+00
5.932774653829819833e-01
1.037634785828695838e+00
5.058706240793038322e-01
1.217289692086733488e-01
1.019756854949661395e+00
8.963926154872702279e-01
1.780241671341999066e+00
3.018979674503906030e-01
-5.404010820130121795e-01
7.714916315198295793e-01
-1.051010651237796190e-01
-1.559296605066083086e-01
-1.393310882369143355e+00
2.014216707221293534e-01
4.950180581692234516e-01
4.980801403158333085e-01
2.016825422787735356e+00
6.067049438751662693e-01
6.773836919004647683e-01
1.247479929847742808e+00
-2.388926012522510689e+00
-1.401774962589029005e+00
6.873006985523503198e-01
-3.419025036007652951e-01
-4.447485010437797759e-01
1.832860451571914462e+00
1.707641773085847303e-01
1.637976638876119384e-01
3.757107082875809634e-01
3.422089733451849636e-01
1.312851229479053528e+00
-7.139349845975484499e-01
-2.488578020159732396e-01
-3.069700347104796848e-02
5.273368082727166728e-01
1.205020269119311926e+00
2.930157230799957935e-01
8.754484278994904001e-01
-1.793210916250961018e-01
-9.209774540574334756e-01
2.317991273169821564e+00
3.740015235358633153e-04
-1.470179543461382243e+00
3.465742702739067926e+00
8.376490307551633929e-01
-6.175593141931767782e-01
1.634016721993616805e+00
3.523323909952593702e-01
-1.236691795033264762e+00
6.623025839178254826e-01
4.347248656790720506e-02
-3.900573701001633364e-01
7.020807090966206809e-01
-1.095805020818803044e+00
-2.469237294351646628e-01
-1.509571553652539200e-01
1.091184558109660335e-01
4.265643598103786571e-01
-8.098837562570205817e-01
-6.145015228042216560e-01
-2.502320763611164470e-02
-7.570326389737149775e-01
-1.089378021976266320e+00
2.244631326639333901e-01
1.316487059099294310e+00
-1.072845047679829023e+00
-1.038353416128779960e+00
-1.400736129049066081e+00
-1.005181108802410961e+00
4.831395637841152113e-01
1.959250533707188879e-01
1.238418707601553370e+00
1.120101441687559651e+00
-1.002819444467470067e+00
2.785689644870613102e-01
4.822094819928547382e-01
8.162390081860656510e-01
-9.044520142607817559e-02
-5.049151590892745484e-02
-4.265844132748933815e-01
-1.019291821717777546e+00
1.340685616841665873e+00
6.537947029687047884e-01
5.111032047583156240e-02
-3.921120030824504221e-01
-2.296650197717171049e-01
-1.261549351592707591e-01
-7.469766894353934150e-01
-7.243612514173075612e-01
-7.195300259993525627e-01
-1.277004267609550103e+00
1.856818562169197495e+00
2.343445442967912573e+00
-7.204751458031847244e-01
1.614661166336377685e+00
-5.078432532966072888e-01
-6.265293950651853461e-01
-7.419361359266573031e-01
-5.716741329517014414e-01
3.511275633662871987e-02
-3.899298608256719922e-01
1.950873056307367737e+00
-5.373563105558437636e-01
3.087196279046018343e-01
-1.433014829246004318e-01
1.861823628768591199e+00
1.483899893071571885e+00
6.837604052135636268e-01
-8.523913933190239156e-01
-1.084289612051452023e+00
3.239648897846056363e-01
9.877645448470462330e-01
-3.131980776140635414e-01
-5.151318083601695852e-01
-4.652003316679227396e-01
1.452964971183053067e-01
-1.168438700447636425e+00
-3.883796166524233207e-01
3.270530353203370821e-01
5.233685947153251528e-01
-5.163551396741726807e-01
3.959606062024175199e-01
-1.760681645248774185e-01
9.007856133265507159e-01
5.227320932365228101e-01
7.426263114554436662e-01
6.711840330472762517e-01
-3.748948337343005477e-01
2.879138207542126793e-01
1.475169348910459588e+00
5.836709191874727559e-02
1.197231229475527847e+00
8.279967872145570507e-01
-9.272804047989458009e-01
-2.019102386328822940e-01
1.575023941787150550e+00
2.314589172986313947e+00
1.399698034990686235e+00
2.873720412937757485e-01
-1.816625945294872146e-01
-3.065475584714678070e-01
1.291492926021066578e+00
6.358280111529991396e-01
-8.049612224137558947e-02
1.585394860440052277e-03
-2.498056871482485231e-01
-1.823944422972986201e+00
1.473712700908580198e+00
-1.154712541432936002e+00
1.917644273498298468e-01
-8.189766195365871804e-01
-1.138065001775037777e+00
-1.026933864946816682e-01
3.269473190051692957e-02
-2.562838290723107870e-01
-8.306477625065080694e-01
-3.466299732179458082e-01
-4.248736449454105779e-01
7.176670390968764579e-01
-6.977511857368945414e-01
-2.187828992195269606e+00
-9.005298706829263367e-01
-1.360933653411843247e+00
1.153646908537674598e+00
2.310903056231303210e-01
1.229826972887844372e+00
-1.142400033060120279e+00
2.939500432010633268e-01
9.704624034179114567e-01
-2.468072305331527605e-01
2.904238351170264631e-01
-3.391400454884265780e-01
5.191855672010314837e-01
1.417860571573779926e-01
-4.258124592375160389e-01
6.485993619039023828e-02
-8.393729272955843257e-01
-7.139366802251764788e-02
-1.716703722450944936e+00
2.509968592977202539e-01
4.165343956486814436e-01
-2.915822976510247688e+00
1.061535904276796005e+00
2.225989953439489466e-01
-3.112561284631137348e-01
-1.637480510562661529e+00
-1.255171013675271618e+00
-3.409613647578148554e-01
5.768773815646812686e-01
7.376018903898214074e-02
5.464396119168016819e-01
-5.668924856300816550e-01
5.405924601412760711e-02
5.071169205673250469e-01
6.526421239987031386e-01
-3.543296866628790065e-01
7.322331557825212389e-01
2.762506780126001149e-01
1.252153969633048147e+00
-3.737704323386539795e-01
1.113686412058327635e+00
3.746607527340319876e-01
-6.037685574242040998e-01
2.440389035406088869e+00
8.291855031056795111e-01
1.479516864451809188e-01
5.769623142515916125e-01
2.440672366617967715e+00
1.159646300136569108e+00
8.729594499391923890e-01
-7.397287226752745637e-01
5.929272082988293890e-01
-1.598056704480417256e+00
5.849790271759449656e-01
1.068492090309493880e+00
-1.734124525390866589e+00
1.036191783358658913e+00
8.609180519503374374e-01
6.164925881741062375e-01
4.300512261342453457e-01
6.225581303008083101e-01
5.552128998685369465e-01
-3.414205200935773177e-01
-7.702315742378550434e-01
2.005986662580611757e+00
2.349036597910329205e-01
5.009604611608670099e-01
1.202780681667314999e+00
-4.513038202377305241e-01
1.979309501541114402e-01
-1.061452267313620634e+00
5.967975479114490112e-01
2.364321642395695200e+00
2.272877493457189146e+00
7.327747017112483663e-01
9.316183550588974516e-01
1.191324439641183210e-02
-1.183748393778903063e+00
-8.219591488578034122e-01
1.145050832305753552e+00
1.196248300466948855e-01
-3.501047532097829595e-01
-1.037753864586656027e-01
4.962185411215604969e-01
-1.346427578913529828e-02
9.724923644020351254e-01
1.525781089090962606e-01
7.174756238072028669e-01
1.104226273554121951e+00
7.262913975759981433e-01
5.258808278012561122e-01
8.706135789506928013e-01
-1.016351821165685454e+00
-8.449212532877339310e-01
-1.206628592161245045e-01
4.657871947892116560e-01
-5.535201383466312741e-01
5.072541412223011692e-01
2.822589243052517349e-01
4.566722511520610595e-01
1.667353327564526255e+00
-5.283525453341704203e-01
1.670866711428338758e-01
-1.733548842718254601e+00
2.083045452904449313e+00
4.779364384056414838e-01
-6.040446614011665272e-01
6.333878513057018544e-01
2.831623620380766759e+00
-8.525425767964219803e-01
-7.544978900234591279e-01
3.373110974613898194e-01
-9.795459357521921762e-01
-2.319390223836997889e-01
-4.381362949182764366e-01
1.269390235934856115e+00
-1.829590066121469683e+00
1.016094850501464641e+00
-8.284376537987624411e-01
7.428298557323762541e-01
3.122351724599615186e-01
1.345439288032268976e+00
-9.557456665474838020e-02
6.031941859722641519e-01
-1.075835070450274211e-01
-4.985445796399407548e-01
-1.194787086721631753e-01
-2.810206065881221682e-01
-5.327992212335391775e-01
4.811870629001168131e-01
-1.361290076600373045e+00
-9.550630394584046501e-01
6.455672993485657152e-01
-5.938107656689973757e-01
-4.223589289798639901e-01
-3.904722056780953188e-01
7.273897598719468727e-01
-1.109088042698723298e+00
4.787669857389930672e-01
-1.542424614991769305e+00
1.182660404520725628e+00
-1.780226071531381959e-01
1.331289756074210295e+00
2.334825608980464068e-02
4.938998032038289798e-01
-7.247946509468137233e-01
-4.407174563337114548e-01
-8.542320382345230945e-01
3.426682793497244812e-03
-4.342129429998164425e-01
3.242665479275969043e-01
-1.675535615630102892e+00
7.406888374230445604e-02
6.016375035135579363e-01
-1.246490134291540902e-01
1.162191537469694946e+00
6.215309576021642579e-01
1.306156215776337337e+00
2.726992246747086401e-01
4.015970586659210473e-01
-8.789552312640673826e-01
-1.054619227920321922e+00
-8.330450250112602095e-01
-5.648120925196910003e-01
-4.088375799192153770e-02
-9.950092785208297652e-01
-6.165526450289854354e-01
5.089215083464104783e-01
-6.872637532696307394e-02
-9.474944302305677857e-01
9.097855061922083264e-01
4.152825448544752995e-01
-1.138012419262517172e+00
3.732585308199150576e-01
9.530909930552081688e-01
-1.106002760338007596e+00
-1.544819508387339946e+00
-2.171365355949118836e+00
1.527898347247415245e+00
1.814699513366855754e+00
4.448294922585657729e-01
-1.159829211533837216e-02
-1.140908791329826366e+00
5.308067969350817039e-01
1.700896807401160782e+00
-1.493196736155726900e-01
7.404915263769819012e-01
6.249705289330766966e-01
1.160987314342978083e+00
1.591640592006311028e+00
-8.984107386010099505e-01
3.079051836720386182e-01
-1.487791187446563801e-01
2.400132285972507717e-01
-2.628227266193702838e-01
1.005155045544649184e+00
-1.597473887009323579e-01
1.048354472625001033e-01
-4.524297801512478512e-01
-2.370419909976228257e-01
-2.840788084529224378e-01
2.268791720148981839e-01
-3.623931912739668942e-02
-1.378161016280286290e-02
-4.556784079782520425e-01
2.018130223702339354e-01
7.317074330611720301e-01
1.684546669734240387e+00
-2.113975656799703895e+00
-5.514820106323067295e-01
1.506914425327172236e+00
-6.404103832489721482e-02
-3.712114995615822255e-01
-4.093209679999606498e-01
-6.774851262813097463e-01
-8.907718544794753779e-01
3.812990979412786419e-02
1.506560343674558378e-01
6.001361096764032399e-02
-1.780287049944087929e+00
2.551584512890143208e-01
-7.298217353441959210e-01
-1.551785739807677866e-01
-4.850275600381734886e-01
-5.763023384967018714e-01
3.059651246420664328e-01
1.048335617064207609e-02
7.491629073476754330e-01
-1.433856558508957102e+00
2.042453875567998289e-01
-2.063509360476647736e-01
2.252586420252078447e+00
-2.413740541884805968e-01
7.950122677872393240e-01
-1.222753350704723907e+00
-7.652419054521248931e-01
1.262294432303054714e+00
-6.925147100682567114e-01
-1.068136873410111681e-01
-6.455050760368128415e-01
3.837577189343746031e-01
-3.975547923182778942e-01
3.882384900729187738e-01
-1.085032842167347744e-01
1.719045081187349888e+00
-9.417132160074324077e-01
-1.725648153935454843e-01
4.315029255913849227e-01
-6.811253972318769279e-01
2.491856255963124323e+00
9.348050100621202452e-01
-1.214704481677171710e+00
1.011139224487017430e+00
-1.883993411829231190e+00
-5.159881595407727062e-01
1.596552386503206911e-01
-2.050676952485732396e-01
1.321080548470857208e+00
8.506082080936649970e-01
-1.198787942986315302e+00
1.206531870550459518e+00
8.757644506463118095e-01
-2.955735075025432979e-01
-3.376060678502597057e-01
8.311764621777074646e-01
1.319099803387319803e+00
5.224444894729145528e-01
-3.013919607216350993e-01
-1.676935195391247913e+00
1.811152565766469102e+00
-2.660581823970122328e-01
-3.101308265059603553e-01
-9.120485923565063713e-01
-1.127408208614496310e+00
-1.089507933506744658e-01
-1.507095645009771667e+00
-7.483626811341795859e-01
-5.131903229403457223e-01
-1.549992128042401607e+00
9.616881891267063942e-01
3.826909441649823385e-01
-8.226474175149489643e-01
-1.003851750650930574e+00
9.965290893842442266e-01
-2.206700329699492702e+00
-2.281790486318503675e+00
-9.418991065278391472e-01
-2.291593554461358373e+00
1.066655759110620716e+00
-1.270425759137092658e+00
8.224934380392405764e-01
-1.020382250887220899e+00
1.111450398054923162e-03
-8.421785473371279362e-02
1.878721681930375809e+00
6.055572511239223354e-01
8.076327183100699969e-01
-1.003586422779107479e-01
1.349590711078642702e+00
-1.484247221015674301e+00
6.299089062282149376e-01
-1.967923104336950058e+00
-1.525883365533299285e+00
1.863962316208234604e+00
-6.938804503281937874e-01
3.217348784028171149e-01
-1.239703759808310934e+00
-7.811150979453793664e-01
1.746971978943239190e+00
3.566543959478136183e-01
-1.251933949127858048e+00
3.832788264679782841e-01
1.882310126810821993e+00
2.093453159336754243e+00
7.312835282012312144e-01
-1.015139591817988185e+00
-6.880923836539268867e-01
-1.030106536640652271e-01
-7.539166432125592454e-01
1.172279883292654867e+00
1.035561924331074746e+00
1.273573114251645988e+00
-7.800322971641253378e-02
6.778782391160187437e-01
2.863582740041655805e-01
-1.938634864279302317e+00
7.333816859398428756e-01
7.759429188632516183e-02
2.123628288594650027e-01
-4.183747865394800702e-01
1.170842307256435122e+00
-9.687264417235955660e-01
-5.995084193652201465e-01
-1.312522902103333333e+00
-9.348195147237575720e-01
3.222339350756320830e-01
6.437698991815640204e-01
4.798888903880784151e-01
-7.999393018283024182e-01
-5.032310738776708536e-01
1.226929973140519659e+00
-9.108778209890158739e-02
1.755057305379061350e-01
4.702474329992161195e-01
-3.729438436455209671e-01
1.920502081816865547e-01
-1.478714059153092064e+00
2.148092539618794705e-01
8.665715517271217472e-01
-4.809853120926385617e-02
-3.747701725334097178e-01
9.337677232841510300e-01
-1.019023233255855310e+00
-1.368100709369996393e+00
7.975792422399271553e-01
3.636838024435347094e-01
5.050845310617563255e-01
8.969634596418512018e-01
1.374387924721146848e-01
-5.288584668343006001e-01
8.674250481538928748e-01
-3.443683199567287856e-01
-1.906261650623947146e-01
-8.499583087306021856e-01
-3.880491696486164377e-02
6.247366774166289716e-01
7.152343916913982413e-01
1.284541110550004583e-01
4.612273886871763318e-01
-1.649367759677375256e+00
-5.563902803072935388e-01
-5.915207671020519253e-01
4.889671752308183406e-01
-1.976314749132218163e+00
-9.429375123550464144e-01
-3.523009069483084010e-01
4.624847917789330354e-01
1.440132609175855505e+00
-5.984489024611560071e-01
-6.171824637714468098e-01
1.888937020129415889e-01
1.677544433184705586e-01
-1.059512637303594573e+00
9.461987308332913127e-01
-1.188057604635863740e+00
-1.467371503253855680e+00
-1.295906415775987197e+00
-8.038368413248263566e-01
3.710431521860099169e-01
3.860082634396944656e-01
7.195302787777412001e-02
-1.565336433964116702e+00
-7.423732202867489027e-01
6.322650452938826104e-01
1.208345219458750286e+00
-6.678859105124348439e-01
4.774371650507800435e-01
-7.067724501856847974e-02
-4.341789082373061215e-02
8.960399212788597856e-01
1.725534613706111831e+00
-5.834483371716099320e-01
4.319550359522317251e-01
1.328339022770548050e+00
7.248439540110002133e-01
1.049616146531848981e+00
1.977752650922830702e+00
-8.202782413764239111e-01
-9.765772692261325272e-01
-1.182520210317564935e+00
9.838385457951950852e-02
2.112559518356506238e+00
-8.241502978361432419e-01
-1.148455372203577962e+00
5.763400836846297587e-02
-1.220882915080573783e+00
1.022463936157067543e+00
5.660725927343803754e-01
9.175997594270465241e-01
7.554605141846310046e-02
-8.802463411606686883e-01
-1.361977026551339565e+00
-4.414476685756036356e-01
3.996680660801494867e-01
9.209290063074521138e-01
3.113598917634478602e-01
-3.942160582642871836e-01
-8.326066131073148746e-01
8.690566564317963039e-01
6.300511685312625287e-01
-1.139517202237043225e+00
4.578344296394167845e-01
7.231729695426000193e-01
-5.561678134996355105e-01
1.240042926946637036e-01
-7.554338108915185923e-02
-1.739695487690844922e-01
-3.259369739611798211e-01
1.278822498339154068e+00
-5.553223901560607745e-01
8.025971434251949477e-01
5.340010642386775475e-01
-5.643355523048135813e-01
5.858316428868870496e-01
-7.834470173023058148e-01
-4.117105123275098810e-01
-3.829774806898438855e-01
1.395792563623851956e+00
2.689168967867521798e-01
-1.362092254090748522e+00
-1.807137161398630898e+00
9.945144069639696438e-01
1.007831742470200354e+00
-1.175812861766465600e+00
1.057484282594912450e+00
1.008940738575933235e-02
-8.543296813688386337e-02
1.310422426080138925e+00
3.943712217532239217e-01
-6.524415483268765081e-01
-2.528210408071764892e-01
1.568257795619016237e+00
4.360862939813514583e-02
-6.907472527233555759e-01
-1.806334512914319124e+00
1.755599708023738437e+00
-9.151294019660002332e-01
-9.486510415320839051e-01
-2.430227790853214387e+00
-1.331292957756207151e+00
1.979270936726970076e-01
1.517670891924736143e+00
3.091771029997104625e-01
8.310689404490362309e-02
6.897268266090844646e-01
-6.823395245828042244e-01
-1.850362721122076615e-01
1.603633383930179734e-01
1.889206674055226243e+00
2.981887766952072694e-01
-1.586660923088246689e+00
-1.317765255768015065e+00
-5.090260456920674415e-01
4.841471710450477861e-01
-3.441654466778599764e-01
3.530811349550040390e-01
-2.305560455513736340e+00
2.654120781884724001e-01
-1.177575156700172876e+00
-3.737903319218513487e-02
-2.842731907137588943e-01
1.117446312364401839e-01
1.665862349101304152e-01
4.407192866209305171e-01
-2.227798758802763124e-01
-3.739671896132982787e-01
8.677603268954274807e-01
1.307978091229926809e+00
1.717495183179050255e-01
6.190900654197774022e-01
-9.802180156415740697e-01
1.128084089694532777e+00
-1.884692012524956217e+00
-5.193180900977917291e-01
-3.960407437844944423e-01
-4.889419421703398716e-01
-9.477850051144806609e-02
-5.625647520716522965e-02
1.768553550964039989e+00
-1.928096989239369785e+00
-1.867125280502086371e+00
-5.578509258550450323e-01
1.751406148669165663e+00
2.565713531881518850e-01
-5.434602790077334156e-01
-2.768483598764997500e-01
-9.353097109612498183e-01
8.703489304196898591e-01
-4.804026730063041262e-01
-1.624845203802110616e+00
1.813348108138075565e+00
1.291563040255202244e-01
3.758230204375464512e-01
2.473270411410355418e+00
2.180085082396384377e-01
-3.263614374022428266e-01
1.453684753670168861e-01
1.367574173767699186e+00
1.097692423146765517e+00
-8.527404008152572601e-01
1.218557187808377629e+00
-6.286232668396031509e-02
1.163695266011144813e+00
-7.321531975217032695e-01
-2.489819594606946795e-01
2.638829137517012535e-01
-1.978823925258706706e-01
2.809464047361067696e-01
-1.189600687377099897e+00
1.060054195586654036e+00
1.142929294060602174e+00
4.556273597340163017e-01
5.243022771986475400e-02
4.975333325072422985e-01
-3.709346926661789001e-01
-8.001359452469908318e-01
3.117497653472363073e+00
-7.829248934021604267e-01
1.032610432654110122e+00
6.374938798477793878e-01
8.731843753770409666e-01
-1.287473568171084937e+00
-2.659471627017229722e-01
-5.111150190219612144e-01
1.444397952086382553e+00
-1.145410416132628707e-02
6.999768887754462265e-02
-1.666747891150538896e+00
-7.244594077467730875e-01
8.926056836951647977e-01
1.286719764907110930e+00
-6.205541870926198911e-01
1.692859144276471495e-01
-1.180975935922206066e+00
-1.059710415554462187e-01
-1.469593368979373427e+00
6.498577996975868354e-01
1.993192661188458448e-01
7.469074096449958011e-01
-7.506145131816497340e-01
-1.566432161862591821e+00
-3.625694738765764757e+00
-6.042530365378425694e-01
9.099438572415223803e-01
5.364955877802196627e-01
-4.781294135564681524e-01
-3.739775366067165652e-01
-7.059848919159616987e-02
1.699886433448873913e+00
3.047494342287993072e-03
4.701932157192618700e-01
6.140911155887571748e-01
8.976780595322063627e-01
-5.122894492227826335e-01
2.976729812980185019e-01
1.798146124338035001e+00
-1.472901900065034242e-01
-5.233706288541054574e-01
-1.987400907015891005e-01
-8.989391422403755216e-01
1.109581721662313614e+00
1.577747924877911934e-01
4.210923946442759469e-01
3.590113778419712909e-01
-8.214884625825485953e-01
-5.221688055874434964e-01
-1.671864851130979920e-02
-2.124349624073078591e+00
-2.186352940822165802e+00
5.786883596913488734e-03
1.055926369730012249e-01
1.803042537921684785e+00
-3.769135729879837249e-01
9.984509454304499321e-02
-2.042805352569428745e+00
-1.353883061047024938e+00
-5.881996502344200017e-01
-4.573996937679179475e-01
-4.021281982203069871e-01
9.130446908264744366e-01
8.581137561203779907e-01
-2.829828510480934534e-01
-7.207214168968589796e-01
5.709792078225564005e-01
1.928054295543759844e+00
2.359302097917399088e+00
-1.323196402806021021e+00
-1.093967266885241596e+00
8.127659044304132996e-01
8.255370438295732693e-01
3.349434269265062492e-01
1.280808649526770981e+00
1.364509934597526231e+00
-1.150535837178784604e+00
-1.554896870950053245e-01
-2.095045821613995135e-02
3.025828815245255599e-01
7.868927505958317470e-01
-3.256266930172757590e-01
-1.472569332710004231e-01
1.076252700588418820e+00
9.479540828128334429e-01
6.869640971214092673e-01
-6.352572017319274567e-01
-1.474934422784236476e+00
-9.234884880242921756e-01
1.668536282948969607e+00
2.139694404224834035e+00
5.746580871969501209e-02
4.079641705585426714e-01
2.462306220174092231e-01
-2.509722771799134833e+00
1.478648343513498054e+00
-8.195389562889066060e-01
4.892826452224793288e-01
-1.912051968765996257e+00
-1.346623455690975080e+00
1.427595441156134459e+00
7.680543679430186232e-01
6.721958477272694799e-01
1.691581586312836671e-01
-6.119139665556075913e-01
3.314887395197241848e-01
1.245773382427148857e+00
-8.643025293918089602e-01
-9.042682614535978436e-01
1.563359458971443683e+00
1.986750076065985637e-01
-6.508691533967136955e-01
1.648460025548173169e+00
7.904962666486676781e-01
-7.783233399143401066e-01
-3.610335590844177545e-01
-1.526099576175435013e+00
6.630088473153284041e-03
9.627445933127377620e-01
8.297065554737554915e-01
1.156297851160974499e+00
-3.266739515304055153e-01
6.914314292384969862e-01
-5.179242596361390699e-02
-8.222589187431127433e-01
-8.703550103890311807e-01
1.730262558005816187e+00
6.558605583570824571e-01
-4.668764135431534013e-01
7.282776882852943778e-01
1.385790754332871577e+00
5.532474071615056666e-01
3.029712012585908387e-01
5.045150013881414264e-01
2.802236065949413879e-01
-6.050947302807475614e-01
6.352164116671297212e-01
2.300383013673272525e-02
1.629705662196456739e+00
5.683074499598718132e-01
6.283398998114879674e-01
-5.682177414602417320e-01
-4.647682480906155655e-01
1.025664409220005791e+00
2.792542666997023804e-01
-3.059601627903935084e-01
5.513140002192936651e-01
9.111341188054221663e-01
1.781970380824426714e+00
6.486068964947371285e-01
1.691711698376920481e+00
6.591652551029162366e-01
8.071389855453423579e-01
-9.046469968807088202e-01
-4.740950544741473482e-01
4.317288499731903317e-01
3.907617540265189149e-01
1.229676797254324550e+00
-1.594502031947263143e+00
-4.612271338848136781e-01
-3.850473444330717032e-01
-1.460726838458097365e+00
-9.508765229264538876e-02
-1.620125321846153543e+00
4.088518192849943111e-01
-8.045964294464619249e-01
-1.350051457460052617e+00
-1.733995552182634736e-01
-3.124772803973200480e-02
-1.311899877161164074e+00
5.597223544559737363e-01
-2.893177116880351618e-01
-1.656368921238256936e-02
4.634389859143918100e-01
-1.415933027108755793e+00
-5.150642412371549961e-01
4.046742223193902088e-01
-2.006950750150608531e+00
4.152556698401118074e-01
-4.779849812422801714e-01
1.218986208457959464e+00
-8.844329474731313923e-01
1.107739584536002964e+00
6.172056334871153238e-01
-2.080071100269438311e+00
-6.541037672506480605e-02
9.392968911710009028e-01
1.969173966597402847e+00
-1.600701918102850063e-01
1.308576037272268788e+00
-9.093745347082431152e-02
2.166354431765530331e-01
-5.848016661956202400e-01
-7.359694632217301802e-01
-2.155135854501730286e+00
-6.707098722223014953e-01
-8.992370360982690491e-02
3.034431166604401042e-01
1.044136373929351214e+00
1.553846871512934102e+00
4.218755132545684017e-01
-4.951512108471210760e-02
1.338808735777145209e+00
-6.479937707690801574e-01
4.300241183102161968e-01
3.329023789702081348e-01
-2.601679960943130143e-01
1.442627436664714047e+00
-6.339764527152204066e-01
-4.308997115606428840e-01
9.180406833923619725e-02
7.761483324867055611e-01
-6.874671211505053448e-01
-1.514979388313766329e+00
1.198096067739019333e+00
-1.346529684378895642e+00
-6.208865008975076316e-01
-4.610577155907197300e-01
7.545364814976397438e-01
1.501093716220772034e+00
9.410781022972188048e-02
-1.315120331179615354e+00
-2.886000108749572565e-02
4.393030954045386571e-01
5.633464856742399496e-01
-9.550537838312969097e-01
5.178142539013506074e-01
-1.153321214491368263e+00
5.800954026827536136e-01
-1.435433539220719368e+00
1.271561210834192268e+00
-1.367542444415339231e+00
1.485980395027372003e-01
-2.942545395461192426e-01
1.829336790401779433e+00
-2.623850741083278981e-01
6.222169656009798322e-01
7.049195471339958670e-03
3.836758940169705534e-01
1.251388488652927511e-01
-9.501018702790596793e-01
-1.869483242256921030e-01
8.253086817713388076e-03
7.053100871246467118e-01
2.194560316986151061e-01
-7.163306350563789504e-01
7.684016146373340295e-02
9.883321274423823022e-01
7.850872794137110366e-01
1.058135805294079024e+00
-1.316578058467983592e+00
1.264449577927196700e+00
1.134361062877804915e+00
1.694934008228071276e+00
-1.497273386838378961e+00
-6.109973249062594647e-02
-4.884839571990323703e-01
-3.215231210931335792e-01
-9.101497859514863509e-02
4.710276392426568925e-01
3.749404567111683240e-01
8.563856824028532877e-01
-1.462230179344255809e+00
8.515879241418583545e-01
-3.767757787401421893e-02
4.217606455331917581e-01
-7.340890854551125333e-01
1.375400366726189594e+00
4.487419056786345894e-01
3.166740018399878953e-01
5.267004254358408355e-01
-4.840735758975314718e-01
-1.849998355181499965e-01
-1.129266778277859373e+00
-1.987961527148822960e-01
7.470195910874268819e-01
-5.449798528866349745e-01
-4.783105245484179369e-01
5.154828680973964072e-01
-5.941643071089665051e-01
8.536594972649385049e-01
-1.229427125982142321e+00
-3.277368828329426109e-01
-1.848207211174504039e+00
1.108781874783599797e-01
-3.526733223260762884e-01
-3.520815609720637229e-01
1.051300279104468105e+00
1.160279591078632183e-01
2.935124360863091475e+00
-7.104243837870990452e-01
-1.146711742159453040e+00
7.729811625075578840e-01
3.300057540728933425e-01
7.815793502979134777e-01
-1.700606972950453377e+00
2.187453679069351897e-01
2.106140281516175883e-01
7.546748275308213794e-01
-2.637036484959287552e-01
1.659250341780670324e+00
-2.593310687320152935e-02
2.107156010347172703e+00
5.975704089518112383e-01
-9.625184458023805512e-02
-2.976399114825586945e-01
5.295041983469950947e-02
3.376709455838630136e-01
3.957483017866889607e-01
5.668634297347768802e-01
9.674924371832729353e-01
7.794758482511764397e-01
1.051903084430570345e+00
1.964718731694117815e-02
-9.826211369896343806e-01
1.338550847654568443e+00
-3.877898410582413802e-01
-2.814167943017553686e-01
1.208870323317655204e+00
-7.380760918602019549e-01
-7.565043317324589012e-01
9.457318680950226319e-01
1.346677042062025542e+00
-7.741566613320115253e-02
-5.246278388945895266e-01
9.296591809620218250e-01
-1.317241359358823027e+00
-8.339766678656290733e-01
-6.987003795362246583e-01
-8.773134246008371662e-01
1.782498896953496281e+00
7.377685874069573879e-01
-8.497592164239741175e-01
-3.244649581875017064e-01
-7.459636205670203690e-01
-4.117609690679547851e-01
-1.288357451973931589e+00
2.522688133281770773e-01
1.965990066333213881e-01
3.373786562921607390e-01
-1.295535333645796205e+00
8.451135575352983764e-01
-9.076732475549330326e-02
4.281292386622160828e-01
-4.573134491973072646e-01
2.476870690616649551e+00
-7.937251049136602177e-01
1.877244710157777510e-02
-3.058196860260226635e-01
-4.691797952396696281e-01
-1.092034614556737226e+00
-9.839708178776913616e-01
4.535947273361115584e-02
1.719341499677351226e-01
-9.830993716759609535e-01
-6.761797671398850351e-01
8.687861977019497584e-01
1.817005099157211312e+00
-3.120341100634176357e-01
-1.267964995941378570e+00
7.160882731810875867e-01
-8.357333590396626155e-01
-6.677434891711024889e-01
1.194750838389186498e+00
5.012691121234956748e-01
-3.834910599436582301e-01
1.234650484110592528e+00
-8.325959939682900934e-01
-1.190558828270070618e-01
-1.006475148448516821e+00
2.891757947118747674e-01
-1.909860190134087810e-01
-1.961270487247676497e+00
4.048651626765468331e-02
2.175056741821432618e-02
-1.741565618623251543e+00
9.663369009008982990e-01
-1.441494135639667384e-01
4.927005862660040481e-01
-6.847905756176541070e-01
8.799663046194154958e-01
-9.286844862696872482e-01
3.896836051777307630e-01
-2.836805324054361144e-01
8.940607945501152232e-01
-8.159031349296943514e-01
1.843803042354209554e+00
-6.032966346998842599e-01
-4.140474367170437486e-01
1.186489301831582077e+00
-5.407404080666562418e-01
6.231510709507118717e-01
2.295216505517881700e+00
-1.300403705903913965e+00
-4.159194291008007083e-01
-1.039417205926746579e+00
-1.663630061412999961e+00
1.312174073803587526e-01
-1.151997424477165799e-01
-9.765820135155633963e-02
5.941458755713637796e-01
9.191734449000047436e-01
-2.432525004425965864e+00
-2.424996178139661729e-01
1.408470633483737577e+00
5.268492204652009958e-01
-1.048317723641190469e+00
9.611449910900642379e-01
-1.336742080010409894e-02
-4.491504200838800087e-01
-1.116774939929892296e+00
1.291032887665693352e+00
4.565846560164429357e-01
2.247916070700088642e-01
-2.517259280914164177e-01
9.239852429073379669e-01
1.889028146210591508e-01
1.994539265330822708e+00
2.400914078624228620e-01
3.836376279310336201e-01
-9.839024675048663182e-01
1.627219499707080352e+00
-5.396317566023471901e-01
-3.879586678777962039e-01
5.674716372476940052e-01
3.336948754939547679e-01
-3.094470574896648341e-01
-3.015653157878695010e-03
8.732364496967962575e-01
-1.293483251527838052e+00
9.740962621322459825e-01
9.264731929186521553e-01
-1.369256527595165973e-01
-1.169917725196408131e+00
-5.541260635602162504e-02
-2.719990260656961478e-01
1.814554375137567011e+00
-1.493401015048483549e+00
2.776284638884792821e-01
-1.326510664615817570e+00
-1.902524451789798787e-01
1.721711582472525703e-01
-1.326440858143574486e+00
4.064291034781244982e-01
-2.694764730658592566e-01
8.435716318727205509e-01
-9.010478328387877545e-01
-7.917411557601414795e-01
1.729373282030406189e+00
1.655478193560424582e+00
3.604560260684551709e-01
5.073831533674214023e-02
6.503061081528923593e-01
1.016018655669650439e+00
-2.453486637225126554e-01
-5.616443580527240576e-01
-9.988299997028304497e-03
-5.286553930549772184e-01
-2.224565968705948471e+00
-2.029487478902139985e-01
4.333344392067172701e-01
-1.963196911265293887e-01
2.227749244787375904e+00
4.118681004041831462e-01
1.468051821609096308e+00
-8.217886934191185322e-01
-2.721209223675127853e-01
-1.994581269374656463e-01
-1.315009540836534319e+00
-2.064023599279680710e+00
-1.080641508102714976e+00
1.076127484354589603e+00
-7.372878382393778240e-01
-2.855936464518394891e-01
1.757585679099444853e-01
1.058433031801001012e-01
-5.285117762178148659e-01
-1.734068298620976556e-01
-5.856288171039749635e-01
1.296980084490353846e+00
-1.612372416989008794e+00
8.623842988213767935e-01
9.382789893046333818e-01
-1.331771833225280088e-01
-1.371135399520269527e+00
-1.602641210474381017e+00
-4.776072607539239567e-01
-9.827901309847338895e-01
7.130737005543802409e-01
-6.493701067483577116e-01
2.991587716329949242e-01
-2.067196228211832520e-01
3.349298092962382234e-01
1.282098437775389455e+00
-2.622760998889279160e-01
9.100340452502899691e-01
-2.726006600739748764e-01
-3.247391647700977879e-01
-1.155736518245120914e+00
2.512830230470104453e+00
3.918577984505912104e-01
-6.295888081573125516e-01
-2.394436186218268647e-01
2.610594668232672499e-01
1.591522963774399280e+00
2.477103967906239823e-01
8.433899381918674720e-01
2.290687078638638852e+00
7.272166798244983354e-01
-1.398962517191370214e+00
4.409554245891483815e-01
3.948319256879181949e-01
5.935785986683272952e-01
-5.750587764554707659e-01
5.186150640144874258e-01
5.154824989922712764e-01
-9.734318625121870516e-01
-1.715008552607236725e+00
9.209165299588094322e-02
-1.687584521958405692e-01
-7.128522213883916603e-01
-2.247716137839374795e-01
-5.938297976109053744e-01
-1.547233433090412058e+00
1.956289730725163656e-01
-1.255783996144229420e+00
1.303190069346546132e+00
5.315363751731625452e-01
6.679426312607367189e-01
4.103360341220966823e-01
-7.180590624474227912e-01
-7.677306002032117105e-01
1.067417300605259245e-01
-4.394902462282998523e-01
-5.148507528248730258e-01
1.068127797755315633e+00
-1.312365253396439391e+00
7.080218720845338209e-01
5.452569987008634156e-01
-2.331209981844390100e+00
1.815513773841616718e+00
-1.270170718385076114e+00
1.749889240103776611e-01
-1.338597314963996920e+00
-8.737492034132873231e-01
2.631268207534800396e-01
-4.764521238226981370e-01
5.362722328108955328e-01
3.117221094304580276e-01
6.218674726874369174e-01
1.150509259844630927e+00
3.219896502027950191e-01
-6.341402438499014194e-01
9.708865263556833991e-01
1.704007519921590275e+00
2.256116592172902335e-01
-1.661535878926101883e+00
6.229857132493801797e-02
8.435372358203125920e-01
5.226904456748967531e-01
2.750176535850875625e-01
2.517118586726729834e-01
3.717408796527516546e-01
5.893511947498943915e-01
1.231237893397361560e+00
-1.563978285857550832e+00
-4.380082808034768127e-01
7.564201283623098737e-01
1.483662225260307332e+00
2.849740653524933109e-01
-1.625318404526932881e+00
-9.592484294780950771e-01
-1.312826777807911127e-01
-1.191526550024615272e+00
-2.112520278339939106e-01
2.999927319720780972e-01
1.580811377686582420e+00
-1.055930378225191868e+00
2.063709028500419485e-01
-1.074519315560045429e+00
5.133679875739997067e-01
1.043495956133600328e-01
1.986951952728175652e-01
4.437526314733271360e-02
1.301181759617745737e+00
-1.128498728092134140e+00
1.625536033179615647e-01
5.961038802601485997e-01
-1.296322497411571462e+00
1.049214098815917096e+00
1.455594658315334966e+00
1.719464688961046317e+00
-1.763667393605043321e+00
2.803151401176542934e-01
1.692780534502751413e-02
-2.003860791977328137e+00
8.682244626111836894e-01
-9.962039403262964998e-02
-1.587276107184995899e+00
-3.709206981380069323e-01
-1.556629641236854988e+00
1.997395120269022939e-01
1.312635319931880207e-01
7.778108564441270634e-01
1.808902655303461282e+00
-7.731403229326483384e-01
-9.443527492187209216e-01
7.666293621058494212e-01
3.032602795600116696e-01
-1.120914985622408766e+00
-2.855286751730002348e-01
-1.439238380632747692e-02
9.643794368770119974e-01
-1.667028412630395584e+00
2.722458017536772412e-01
1.691070639209338422e+00
-1.798822795643862715e+00
2.972182143667340681e-01
9.838400560141100648e-01
-1.134162911321778378e+00
6.370453197525720312e-02
2.403090187992435123e+00
-1.076623717717349216e+00
-1.440744794080603519e+00
3.618116777311130017e-01
-2.888718888414612551e-01
-9.412033369330004007e-01
2.514948855291876950e-01
-2.627178783659598338e-01
-8.860493028817630901e-01
9.035776161592674882e-02
-1.506062988185871365e+00
8.381174411263719870e-01
1.200667886977440535e+00
-2.416139653609626348e-01
-8.859229161723147783e-01
5.591255199639346696e-01
1.052091691050381250e+00
-1.574260480406760809e+00
-2.247178113194313598e-01
1.512038974769502608e-01
3.591669077066978466e-01
-9.590971138044929178e-01
1.427198848401193265e+00
-3.249457693567630034e-01
-2.479388271395191190e-01
1.735542992226082049e-01
1.014433490129424548e-01
4.745436780719345382e-01
7.726406575155257972e-01
5.917945476000932015e-01
6.013803504548157486e-01
-1.103466703286872796e+00
2.218004870345188506e-01
-2.343533058334133390e+00
4.742817801929677946e-01
1.466554489524830363e+00
-1.256178906709929599e+00
-2.280223023648498548e-01
-8.669433845144929318e-01
2.740039642868598024e-01
8.839418814331690966e-01
1.336285898439676156e+00
-6.799953169035772849e-01
-4.549046525089523452e-01
-2.166125539398508493e-01
-1.386194813819535909e+00
-8.255227236304005789e-01
8.407056115961615284e-01
4.320911165928830733e-01
-2.178756472617486839e+00
-1.082978506465474139e-01
5.663743217322806389e-01
-1.641829304076152463e+00
-6.758111120310936748e-01
1.010632118905231636e+00
-5.769374814192591572e-01
-4.753192128556573137e-01
2.106017294153726738e+00
-4.232187920464673403e-01
5.145319449934314671e-01
-1.014963238142664759e+00
1.797383955196194538e-01
-4.729379162124869307e-01
5.570921681532370329e-01
-6.799977849084019033e-01
1.296109245324672976e+00
1.394437353818320569e+00
1.766689471715489068e+00
-1.603567019710638641e+00
-6.576322385316989427e-01
1.121868443664799209e+00
1.046604824970156278e+00
5.121906319155282716e-01
-4.625933127598144123e-01
-4.927397565157944775e-02
9.306380739340657238e-01
1.501578347534564983e+00
6.575444165540444974e-01
-4.126107150990228623e-01
6.451051956958613331e-01
-5.565606404148321085e-01
-1.570733336548516768e+00
9.951797674437155017e-01
1.017175497660828709e+00
6.046869178668213829e-01
-7.945225289272510316e-02
5.358759693779598932e-01
4.842187974835157616e-01
1.184388023129374412e+00
-1.839062673664697556e-01
1.847022887773220878e+00
-6.704767062043551773e-01
-4.241051451563281893e-01
-1.161460259162240272e+00
2.031591626115059501e+00
-4.597766247232154546e-01
1.151329580986948375e+00
-9.525590816632485414e-01
-1.471314026725052626e+00
-2.400885345366313151e-01
-7.443184230926429557e-01
-2.357250017547977139e-01
6.049916806575653672e-01
2.886634254883311268e-01
1.291236868643763191e+00
-8.045409166127404088e-01
-3.480118871532533742e+00
5.462844020719986871e-01
-1.465948628919798935e+00
-2.771662731939973923e-01
-3.547465207129082976e-01
5.367411280831507758e-01
2.574189322511217792e+00
-9.460294308314004530e-01
8.746089072088504279e-01
4.632354422769764946e-01
1.081093991804302545e+00
-6.200757860876923711e-02
2.426928973016039937e+00
1.506902675683878257e-01
-1.235304621598845465e+00
-2.370672886313768934e+00
8.741975902541651022e-01
-3.452246672026861418e+00
-8.595953432494081170e-01
6.899155591728839410e-02
-3.042087572948011243e-01
-2.909213647601852429e-02
1.441823816917506162e+00
-4.881707329959317221e-01
7.086266556864743160e-01
-1.147321723544906025e+00
-8.842259001916518146e-01
-1.174392520176352095e+00
9.673750928185045339e-01
-2.339146536614399974e+00
1.653347132582873691e+00
1.107260582334119281e+00
-6.463892304327928384e-01
5.372454885450789891e-02
-1.092501001376085412e+00
7.990472110786346338e-01
-1.041063109815267396e+00
-3.508119769499359331e-01
-5.420848815031732437e-01
-3.887051459483359950e-01
-1.765293363019864448e-01
7.066751955472928559e-01
-3.142902109050522697e-01
3.115714280903593147e-01
1.655841056314663717e+00
3.844079672832366179e-01
-4.891270779197928742e-01
-3.778706057524829909e-01
8.789138863491569031e-01
-8.327002431631967960e-01
3.596911440484654721e-01
-3.094024484062612990e-01
-8.248091167848466132e-02
-1.191427985601652306e+00
4.102072871307548829e-01
-5.262636790341402859e-01
-6.445725443801549881e-01
-1.095251145466052289e+00
1.228592034517166143e+00
-1.093086806544035117e+00
-9.558569662444199588e-01
6.108517488301919984e-01
9.728170181248910198e-02
-9.655418219016860260e-01
-3.158366687691541719e-01
1.604739548809404948e+00
1.086516235346448367e+00
-1.453025409001171275e-01
1.306558826290191266e+00
1.783800498475440088e+00
-3.008475470779143346e-01
8.100916315969588499e-01
-7.729750728017811823e-02
8.300624476586951905e-01
6.563228216299612505e-01
-2.855147322203955285e-01
4.567464952087252339e-01
-3.284194520545624663e-01
6.106813483785241692e-01
-5.786203948407530051e-01
-7.229775421276206648e-01
1.779294796244552224e+00
1.326727109246275571e+00
-6.334574965645629607e-01
-8.704409293428931882e-01
2.000968297295949494e+00
1.017410821074685945e+00
6.201804741526856235e-01
8.354375846812943651e-01
-4.418102644815907198e-01
1.248969730339271944e+00
9.018470670453693216e-01
-7.663518158054653806e-02
1.091811458450839822e+00
9.690383498639647541e-01
-1.007773024625635339e+00
3.120930669666641677e-01
-1.776717164239636437e+00
1.033165209487826308e+00
1.599651916400859353e+00
6.522102237442452266e-02
5.385218647723153396e-01
1.007594582821082357e-01
-1.077150773721727184e+00
1.861057817533964709e+00
7.767882368909101443e-01
4.759807799094474268e-01
-1.003857775476945519e-02
5.809735248163742233e-02
-9.422936225881578531e-01
4.553487174925776038e-01
7.545819513529782030e-02
1.322164628997008595e+00
5.244932372861893510e-01
-4.040578609609775107e-01
1.213090118697469771e-01
-1.170411497690101443e+00
3.167787535054650827e-01
-2.826062698317715616e-01
9.764893718850599091e-01
1.300095640851754893e-02
1.678021286345703633e-01
-1.554780307704920705e+00
-1.758665077586592629e+00
-6.380880508213142566e-01
-1.068734822875618135e-01
-4.888657481766162105e-01
-3.829033219585998293e-01
1.937187999855769061e+00
2.476447627788682659e-01
3.424986384678775919e-01
7.313692784399939972e-01
1.440973815225037091e+00
1.344140137918612643e+00
-6.526971566103084710e-01
9.497398867876370721e-02
-2.007186380310815643e+00
1.624312398715462291e-01
1.561833609447330851e+00
2.567218282195013468e-01
1.172714082535712521e+00
3.044956326140870750e-01
-7.314175912329656803e-01
4.402754549435748954e-01
7.593576489625751824e-01
2.939314660748805208e-01
-1.539853068230394861e-01
-8.496518100500898285e-01
7.522146671190617084e-01
-2.210379150655260805e+00
9.332709163731965907e-01
1.414634111191326038e-01
9.628990897483176159e-01
6.807866954961632189e-01
-2.979900832059138582e-01
-4.344988317736015460e-01
1.473299901494717234e+00
5.289721045250540543e-01
-6.599713160699742787e-01
3.735807295656206062e-01
-3.116223574531507556e-01
1.104659996579447245e+00
-8.188314955062496736e-01
-2.174861601131236055e-01
5.564369358996932302e-01
-4.663049563283704901e-01
-3.521875780889142660e-01
2.731244419552438241e-01
2.426446541779956889e-01
5.874040685380992333e-01
-2.291330919266396204e+00
-1.769449019495120234e+00
-2.303835831961589808e-01
6.170089518084646008e-01
1.144182559353128958e+00
-1.742579244218862289e-01
-1.196422389525645613e+00
-1.481427993829907530e+00
1.107930808178285043e+00
4.151507266778965005e-02
-3.286297792211154145e-02
9.849177249323903816e-01
-1.095277460806286740e+00
-1.452472903432668050e-01
-4.013910050698534238e-01
2.342033046628179793e+00
1.313782845580468761e+00
1.957977359954753638e+00
5.654613504411460934e-01
-1.826446170326307517e+00
-1.058017504525157193e+00
-2.884897620683993247e-01
-2.274017897246890296e+00
-1.114758770013264677e-01
-1.837807079231106588e-01
-4.464870351037634189e-01
1.800389807535923037e+00
-5.415228795008720786e-01
1.900820613197894693e-01
-1.704098317353719416e-01
1.628195555074018475e-01
-1.142209063390341034e-01
-5.217363304377392597e-01
1.928711481942233297e+00
2.766424184167283751e-01
9.402780673537075584e-01
-9.568510779789213272e-01
-2.152887710216937034e+00
4.882724207794082449e-01
-6.166351913790033556e-01
-2.710242992776694670e-01
1.010401826954384852e+00
-7.854668246952425381e-01
1.504738023100381239e-01
-3.145994687542731372e-01
-3.575835876440103811e-01
7.608331298735635517e-01
1.982278648192488391e-01
-6.751026433767272072e-01
-7.165043810800044710e-01
-1.801829449820003398e-02
2.702131697978947811e-01
2.708461739241075361e-01
5.807891351162299820e-01
-1.269246068104903924e-01
-5.401524901876540996e-01
-6.518036453612204850e-01
1.783440329409700542e+00
1.151380994411483338e-01
5.269633656616727890e-01
-2.484683015358151725e-01
-2.999667899210126457e-02
-3.965873729426556693e-01
-1.069902995674948259e-01
-5.906860580174008168e-01
1.636359833521455198e-01
-1.477269686568260409e+00
-7.411937989209108624e-01
1.005342497106376021e+00
-9.583068391570249700e-01
-8.154785609657053680e-01
4.975236278622698072e-02
-6.771614171194471066e-01
5.546075273985459075e-01
-1.730882207974909770e-01
8.641889879356258186e-01
-4.958357066647610112e-01
8.172457553508836181e-01
-3.231322387495830228e-01
-1.572937721325190719e+00
-2.514102275975061973e-01
7.345660512669736075e-01
-6.335314575612790433e-01
5.170025585770745558e-01
4.744519472766023926e-01
-9.985338416613980250e-01
-6.283439530686428798e-01
2.737730523026520313e-01
3.499518963150656803e-01
-7.933277210391124212e-01
-9.088484453149693332e-01
-6.302704406019087324e-01
1.641229678816391147e+00
-1.217789899704925016e+00
7.074211250539639284e-01
1.021005524159587674e+00
-1.122238396616204309e-01
2.987017612781372455e-01
-6.153175327401452233e-01
4.952281087669284099e-01
-1.394492353217561487e+00
8.944655181155304613e-02
3.915698948611072705e-01
2.979855237721381611e-01
-1.637762791515363192e+00
-6.448981999155272149e-01
2.662543746722541016e-01
-1.227807308797006725e+00
3.290023423451542972e-01
-6.647458071942308200e-01
-1.876526420682119278e+00
1.076091629844770914e+00
-1.457419284870079546e+00
3.041537579078429365e-01
2.190541655184386816e+00
-1.770381118119598085e+00
5.957520054241548513e-01
-2.343869439601443672e-01
3.255637329664710644e-01
-1.444487406446084199e+00
-2.667990956060308297e-02
4.862704762310142148e-01
-5.161977836075910542e-01
-1.734692172182920711e+00
1.311540781144100443e+00
-1.244442598953259704e+00
-6.381643851405468526e-01
1.113450507951390112e+00
-8.541964443995191392e-01
9.194999365088466492e-01
1.002387832590806216e+00
4.577522633811805658e-02
1.769796285069888397e-01
-9.445626818035834926e-01
9.482309635257244462e-01
2.641026470561677053e-01
-3.322933982996990609e-01
-1.870420941054949715e+00
2.533008945254413002e-01
-8.147566403010869651e-01
-1.014035926382138575e+00
1.832682404793065212e+00
-1.208641161899062899e+00
3.811998176338651789e-01
9.530939745371258542e-01
9.824798194792208061e-01
-3.989114827806405361e-01
1.742417828626787180e-01
-9.301706926823734012e-01
1.265983770248622964e+00
7.632599212632227292e-01
-1.020307475090396654e+00
-1.012542667791612949e+00
5.701423992574055077e-01
-1.721727583040927878e-01
-6.505892340441360444e-01
-5.491407902166687283e-01
1.246076738640210513e+00
1.258019471671980360e+00
-6.670238648102780332e-02
-5.071051349542291531e-01
-1.395015009891909852e+00
-1.948389833964865037e-01
-1.020826950297474722e+00
-1.387758212628242838e+00
8.759572489480060842e-01
1.138965911387789520e-01
3.202279100905000564e-01
-7.266519684607354590e-02
1.078546680929552526e+00
4.816728046620602499e-01
2.118128210189189620e+00
7.064418512367375280e-01
1.298555903539098111e+00
-2.381918048806433708e-01
8.293122066135530934e-01
-8.801279540633114573e-01
-7.052052027973912951e-01
1.348865150524501066e+00
-5.838456959536703073e-01
-3.292252095085340668e-01
8.634988847623815689e-01
-2.189610034065669619e-01
-2.016875989038970030e+00
9.459682045255356497e-01
-5.940036997223615556e-01
1.322265672270373393e+00
-9.535920300606217648e-01
-1.094928304053835788e+00
-5.666427750938108909e-01
-1.334631323877605746e+00
3.378442961846240822e-01
2.159957739231153084e+00
-1.527291138558803718e+00
2.793146326707168781e-01
1.003426628937008624e+00
5.473132775580907827e-01
2.974536041542797382e-01
1.511685897221682617e-01
8.841956048159241854e-01
2.734380704844706633e-01
2.378443221950855835e-01
-1.141930754178699159e+00
1.112503550069731562e+00
5.719332396152744247e-01
-9.570467630217646127e-01
1.136878398376256705e+00
-1.161959212876698455e+00
2.137781219477053740e-01
-2.364913323787020349e+00
-8.997984529180838575e-02
9.008914125940679085e-01
-7.727838234046201515e-01
-2.601008217761153207e-01
4.564958410997755345e-01
-7.729677527670736348e-01
2.638123469451803871e+00
2.776404950464096966e-01
-9.145591389402379923e-02
-4.232575385061480844e-02
-5.492192532618622725e-01
1.551023148571261334e+00
5.018589055422574552e-02
-1.256895127340739160e+00
7.225540073931494556e-01
-1.790743404488989721e-01
-2.285210059955870288e-01
2.112113257065987959e+00
1.664786390465494703e-01
-8.976049256687088640e-01
6.512885842114680690e-01
3.945091584001669816e-01
-4.984878801007167626e-01
-2.024364444632658078e-01
-8.324622628053111040e-01
-2.630361659776273564e-01
1.222000804524436157e+00
-5.333348778621329611e-01
8.543315034055976032e-01
7.804628333897525305e-01
3.252430494495108793e-01
8.099579835287036289e-01
1.519932351560092210e+00
2.535666037078119356e-02
-1.178853582761000274e+00
7.197611014488833892e-01
9.828710879714858129e-01
-1.654496342255022290e+00
2.399357104577514443e-01
1.690186595933325098e+00
-2.083412579034258805e+00
4.983442869852900414e-01
8.855063992353234825e-02
-1.469432928038375330e+00
7.609978899253643236e-01
3.092822890058466445e-01
1.729747748958127551e-01
4.363530054488853893e-02
-5.688168537114358658e-01
2.065890334074459211e+00
5.403825000685702484e-01
4.555719958988146273e-02
1.059357492890524277e+00
-1.358245784540689893e+00
-1.005026563494059388e+00
3.307761914041271178e-01
-7.711116004936503510e-01
6.685943434266694574e-01
1.164420491171495931e+00
-2.720430264683880717e-01
7.062679214273976935e-01
